235.4
161.36
223.32
700.04
311.68
237.32
199.72
253.08
177.52
177.32
209.56
160.24
165.72
167.68
251.64
316.08
249.36
232.72
211.4
202.52
123.8
171.8
180.92
232.92
128.56
236.72
236.52
700.04
182.56
700.04
252.44
273.68
159.88
236.88
700.04
227.32
188.0
143.24
288.88
258.04
249.08
181.84
180.76
298.44
246.92
145.92
251.28
156.4
211.08
244.0
198.72
146.48
210.84
195.04
223.4
700.04
236.6
216.8
200.32
267.68
243.96
700.04
165.56
700.04
296.36
700.04
281.12
700.04
245.68
155.28
281.4
700.04
228.92
224.76
158.92
253.0
152.12
245.04
169.12
225.28
193.64
230.92
123.92
173.84
195.44
154.12
219.64
231.16
0.32
227.0
700.04
177.92
216.84
134.72
242.12
285.04
181.12
304.16
234.16
175.96
5.16
700.04
226.72
241.24
192.76
235.4
166.32
102.32
210.52
166.2
170.0
246.4
34.16
137.2
200.76
224.32
259.4
139.92
227.68
700.04
700.04
217.8
264.84
155.0
174.84
186.36
105.48
277.28
200.24
298.48
199.72
266.84
0.12
306.84
134.12
296.08
199.48
700.04
182.68
280.36
263.68
280.48
160.32
208.84
141.52
152.56
200.8
162.68
182.48
225.76
309.52
256.44
110.04
153.88
216.72
168.84
200.96
172.0
219.92
257.0
233.96
204.2
700.04
193.8
364.44
271.88
156.52
270.16
139.64
290.2
172.44
249.72
201.56
190.48
153.08
700.04
240.96
700.04
180.8
196.28
228.2
238.6
271.0
236.56
254.88
201.0
188.68
168.24
231.2
248.68
227.84
202.4
271.96
163.68
249.6
248.72
239.28
700.04
700.04
193.8
214.56
237.32
183.08
258.52
700.04
168.36
247.28
260.68
155.0
233.44
267.56
178.16
196.6
252.08
249.08
261.24
117.6
234.24
700.04
176.12
700.04
236.36
267.84
261.16
237.32
248.24
700.04
222.36
192.16
274.4
126.8
188.88
247.2
148.32
700.04
210.96
157.44
271.36
700.04
193.36
189.4
216.72
700.04
164.44
124.32
121.72
222.36
248.84
206.24
258.96
39.92
196.64
270.88
272.28
206.48
176.36
198.8
192.24
212.56
147.52
266.52
195.6
244.84
163.32
167.52
252.6
0.08
283.44
200.24
353.24
223.32
138.08
700.04
284.48
168.6
167.72
201.52
187.8
142.84
700.04
203.12
165.0
197.24
220.56
167.2
228.96
274.84
239.28
700.04
287.8
338.4
700.04
700.04
700.04
160.24
251.64
112.56
700.04
196.52
236.92
177.88
258.76
700.04
221.36
181.4
234.12
201.96
200.12
270.6
260.88
270.0
162.24
185.12
228.96
141.92
0.12
293.28
154.6
267.8
700.04
700.04
193.64
279.72
269.12
163.28
231.72
207.68
700.04
137.56
154.2
215.88
194.92
127.08
700.04
214.6
177.32
250.88
232.4
700.04
88.36
225.08
223.52
700.04
204.48
189.6
212.96
294.92
700.04
150.68
129.6
179.4
232.56
264.72
207.64
268.04
180.12
182.08
222.08
160.6
166.12
153.92
91.6
240.88
216.2
312.24
700.04
221.64
204.32
208.76
135.84
248.16
283.84
248.28
131.36
213.84
134.16
153.16
174.12
700.04
211.56
218.28
700.04
252.36
270.76
278.08
700.04
334.56
201.36
248.24
204.96
197.76
209.16
191.84
163.4
285.44
173.12
172.92
277.24
198.08
158.84
244.96
172.88
196.76
118.76
169.36
147.2
179.96
112.56
139.96
277.08
145.12
244.96
133.28
242.24
212.92
168.24
159.64
205.96
700.04
163.32
700.04
202.56
135.8
76.84
700.04
281.68
700.04
169.16
161.04
226.04
700.04
253.2
700.04
271.84
255.12
243.0
291.48
186.16
237.48
313.16
243.24
238.48
232.48
247.2
232.16
236.04
189.76
700.04
234.2
133.28
250.6
118.32
114.68
242.32
243.96
700.04
262.44
261.92
210.0
178.16
164.04
191.16
210.0
190.04
200.64
176.88
215.8
220.52
247.68
191.84
116.24
194.2
179.88
700.04
196.08
227.12
223.96
255.6
187.96
166.68
209.52
249.96
162.64
230.48
216.88
177.28
221.88
140.24
146.28
266.96
234.44
135.44
295.44
187.72
234.08
700.04
225.64
246.64
267.04
3.8
131.2
250.76
196.08
265.36
228.56
214.64
198.88
217.24
193.04
251.52
92.4
290.52
279.28
138.56
203.2
243.72
180.28
700.04
700.04
115.76
216.84
300.44
252.68
266.32
139.12
138.2
250.36
226.88
145.92
264.32
245.96
106.16
148.72
144.64
213.0
215.08
155.36
163.36
251.52
121.2
211.68
194.68
270.68
142.28
700.04
202.16
239.88
214.8
231.84
211.52
256.12
199.28
264.4
700.04
188.6
143.76
199.16
239.36
253.08
189.84
250.76
170.84
227.08
177.88
145.96
238.12
258.48
700.04
241.88
205.2
166.88
700.04
304.24
213.4
270.92
177.88
247.8
255.16
700.04
183.44
165.64
127.24
219.24
247.0
254.32
183.44
245.12
208.68
169.2
251.44
207.96
153.96
171.72
301.12
163.96
248.32
216.44
700.04
