24.23
38.72
37.72
37.22
34.39
40.75
52.8
37.62
31.59
46.1
35.93
53.62
55.08
37.0
35.99
54.46
31.13
52.02
32.12
41.2
27.97
51.08
19.39
33.82
44.14
29.07
37.54
28.95
39.07
40.86
27.51
38.81
28.53
36.28
50.15
38.2
31.44
34.7
22.54
36.22
44.46
47.23
27.25
52.64
27.1
48.36
20.49
48.8
27.72
27.01
37.35
43.69
48.96
52.77
44.73
49.2
38.8
48.23
25.93
35.21
37.09
60.46
32.09
47.82
36.23
24.1
26.66
44.05
36.95
33.68
39.0
26.33
45.87
48.88
46.19
28.2
47.97
56.71
24.17
39.35
49.82
48.82
33.7
30.3
27.57
46.68
41.93
23.18
35.21
29.58
30.84
49.16
33.43
27.51
56.36
31.95
44.36
37.02
41.81
35.51
43.94
34.73
33.64
50.01
39.86
41.74
58.67
37.59
29.86
71.55
31.03
67.34
45.27
31.93
50.9
49.38
47.51
41.32
36.04
38.1
36.5
29.89
34.58
47.81
46.6
48.66
30.37
34.54
52.76
35.35
47.0
35.54
25.62
51.01
44.95
24.15
45.16
26.52
43.19
50.56
67.62
27.18
34.72
33.47
42.13
43.48
46.56
30.99
30.45
51.09
36.8
65.51
27.54
35.56
38.24
24.54
49.29
51.24
54.12
35.58
49.34
42.32
44.25
46.96
30.44
51.07
31.94
22.05
55.28
53.89
44.29
46.86
42.14
41.0
37.96
32.29
36.4
33.32
39.44
18.91
42.42
35.58
36.61
28.63
40.05
50.24
48.72
38.58
40.44
32.68
37.09
52.06
35.25
37.85
48.6
37.25
42.94
41.57
67.11
38.33
34.15
32.61
40.25
47.88
26.53
32.08
43.24
35.87
44.68
33.69
34.15
37.91
33.59
34.04
48.01
38.14
48.76
52.53
46.22
40.69
43.73
32.37
31.51
42.17
41.81
49.43
47.71
56.24
41.69
25.72
36.27
28.56
39.45
44.75
54.72
41.68
37.68
48.92
33.18
49.87
68.55
57.5
30.48
57.97
41.18
43.58
43.49
38.05
32.29
34.92
51.28
34.3
43.51
47.62
46.47
34.07
61.17
45.63
36.86
31.06
51.61
35.37
37.55
40.67
25.74
50.76
54.72
34.47
32.19
42.15
27.91
52.08
38.81
46.22
61.31
26.76
41.63
30.62
37.38
29.94
39.45
33.43
39.64
40.31
38.25
45.04
36.76
51.59
34.73
57.86
57.77
31.53
30.47
34.49
38.78
41.77
40.55
39.56
24.33
40.23
33.18
27.5
42.82
45.51
52.3
34.38
43.82
34.14
43.44
33.86
35.99
43.96
35.75
28.81
25.36
35.44
36.15
22.95
35.6
51.79
38.3
32.0
36.91
42.8
34.32
46.52
25.86
58.96
37.18
41.4
41.79
49.56
36.96
47.93
28.31
63.13
26.68
48.3
46.8
26.9
44.89
40.53
47.02
29.77
44.47
49.95
30.82
37.02
41.79
48.41
53.21
44.66
25.36
45.87
38.05
44.03
42.51
64.58
26.31
48.93
35.72
37.71
34.06
36.43
22.69
53.01
42.01
46.17
46.73
50.04
36.16
40.21
34.18
43.39
35.84
27.83
38.07
42.26
40.34
53.94
37.07
30.52
33.89
28.44
31.99
44.35
23.95
22.3
47.47
39.77
56.4
49.33
44.85
37.61
47.02
48.81
41.01
52.92
54.77
51.54
45.33
46.19
22.22
36.62
47.45
53.46
39.7
37.93
56.65
49.85
32.51
60.52
30.44
24.31
37.25
61.0
53.87
51.66
29.97
37.9
30.34
37.5
26.89
22.82
26.06
25.0
38.97
43.47
29.16
31.54
46.02
35.22
47.0
40.78
27.96
36.99
42.07
29.64
41.79
25.23
35.72
37.77
52.84
33.96
58.84
14.9
34.7
44.74
41.35
35.69
30.03
45.58
47.47
41.18
36.96
39.83
30.45
44.68
42.17
48.78
42.37
45.68
36.33
30.26
36.94
37.81
52.89
42.06
36.63
36.95
28.9
65.02
52.96
34.56
69.23
35.46
50.3
29.79
33.59
51.56
29.08
52.3
36.77
36.08
55.18
39.37
33.2
41.71
27.24
40.44
30.95
35.76
47.29
27.92
53.05
33.65
54.99
24.78
32.08
41.18
57.49
54.1
29.82
38.35
36.81
44.08
29.79
35.96
56.3
33.74
48.95
52.07
28.47
22.2
34.11
18.66
39.68
47.47
41.79
41.04
36.38
36.95
38.57
35.83
43.7
40.83
32.71
40.88
40.87
43.8
39.08
45.61
39.59
31.08
45.81
37.96
24.59
53.41
44.1
27.2
59.03
47.21
35.94
37.1
43.0
37.72
39.3
40.9
50.45
29.66
49.95
35.29
44.86
44.06
31.4
19.26
41.54
40.66
38.87
46.9
27.52
37.47
22.6
42.22
61.09
26.5
32.33
42.66
25.94
27.87
50.01
36.96
22.85
26.41
49.35
51.85
40.83
50.73
35.03
51.33
40.11
50.88
35.69
38.53
40.08
35.37
46.82
37.69
59.1
31.6
44.81
41.1
31.85
54.6
37.92
43.77
52.28
34.51
49.75
41.56
31.07
37.0
41.05
44.07
39.13
53.88
62.83
36.59
37.97
20.07
33.77
42.09
43.2
24.67
49.17
37.39
33.65
51.94
52.44
44.45
65.97
35.15
52.98
40.11
50.63
29.31
39.75
48.71
44.53
49.7
40.26
51.18
50.74
33.66
48.11
46.21
41.22
39.54
51.91
37.22
36.5
47.13
33.45
36.36
29.21
48.11
43.3
51.57
51.71
37.69
43.65
35.26
37.94
35.91
38.22
31.52
30.93
41.24
46.74
29.48
32.6
47.69
31.68
34.72
46.84
71.11
47.71
39.28
43.23
49.35
48.17
44.9
35.64
46.71
32.58
53.74
37.19
45.27
31.08
57.57
34.77
55.42
47.8
41.97
44.78
35.14
44.5
55.2
44.83
50.73
45.58
36.43
46.39
40.23
45.27
45.54
27.93
47.41
46.5
27.12
44.49
41.14
38.98
24.55
50.02
47.0
47.96
52.61
43.92
33.23
13.36
37.34
59.05
41.12
38.75
20.28
40.45
41.54
28.52
39.41
38.18
41.9
48.63
46.03
48.87
45.93
29.34
43.16
57.98
52.77
30.04
28.45
46.2
33.12
41.46
45.84
45.02
44.02
29.55
42.87
42.06
48.18
46.94
40.6
31.31
32.88
24.6
42.13
32.29
56.36
45.01
25.89
44.92
36.63
56.71
37.2
31.08
46.65
60.38
47.99
25.95
40.31
39.6
41.79
44.1
64.66
55.38
34.78
32.25
50.51
60.48
26.61
43.94
47.63
32.39
48.34
41.23
40.89
45.97
46.59
59.49
33.58
58.04
48.86
33.13
43.05
41.39
36.49
32.66
40.94
57.69
49.62
41.51
36.54
51.76
45.19
45.54
44.93
51.42
29.51
54.28
48.11
38.51
36.91
33.24
23.92
49.98
35.17
30.33
37.74
31.77
40.13
38.02
43.74
56.03
33.93
39.71
48.55
46.85
38.36
47.71
37.64
41.09
31.08
28.49
34.44
41.8
38.42
36.29
35.16
34.57
34.73
27.98
50.11
51.13
40.67
47.32
45.72
45.35
44.8
50.83
43.13
26.94
61.75
51.77
39.64
40.77
34.5
47.9
43.79
54.3
35.9
33.48
39.99
39.94
31.18
57.33
34.82
44.61
30.91
59.43
38.64
47.09
35.13
44.01
34.99
31.55
31.57
50.83
35.41
38.34
45.67
40.22
40.26
37.11
36.54
49.99
37.43
30.18
46.78
53.29
28.6
27.72
50.46
46.75
31.89
50.89
39.84
18.7
49.6
46.79
59.56
47.14
61.27
36.36
57.68
51.48
23.4
38.07
51.23
32.38
27.58
34.37
46.05
38.46
32.77
51.83
37.55
42.3
30.31
44.73
22.2
42.33
45.38
39.55
31.22
40.78
25.93
42.16
40.21
39.74
48.68
33.71
49.59
26.18
46.42
38.14
35.78
39.16
33.13
56.14
57.98
38.56
54.62
55.88
38.05
41.64
34.35
42.32
38.41
36.8
48.17
27.32
49.41
46.74
25.38
38.11
50.47
40.2
24.17
50.32
40.45
53.29
43.9
59.03
37.79
35.87
59.66
34.88
40.96
39.48
45.87
26.24
51.71
34.82
27.98
58.15
38.45
32.9
47.88
38.01
31.13
56.41
38.27
45.93
42.37
33.07
39.25
33.91
29.96
38.98
58.51
18.97
44.62
26.31
37.79
27.17
24.43
39.84
37.12
43.89
30.18
54.85
17.83
29.39
46.42
36.79
28.55
39.19
39.46
64.64
45.59
33.03
33.67
45.94
53.25
28.11
33.9
25.8
35.98
48.3
26.5
46.38
48.24
39.44
33.33
30.71
34.44
49.24
37.89
55.39
23.06
49.95
37.65
34.15
41.83
57.82
36.71
29.58
54.53
30.34
50.75
41.73
51.6
24.47
49.07
57.6
44.29
53.0
34.27
42.23
50.0
27.15
30.95
38.32
37.53
42.69
55.5
56.27
52.36
39.39
43.4
43.28
51.32
26.61
44.75
26.51
39.93
42.86
56.35
28.1
26.89
28.7
39.01
49.18
47.04
62.21
57.94
45.19
27.53
47.65
57.97
49.2
28.55
27.52
53.41
47.26
22.73
45.63
38.77
29.68
59.61
26.67
33.29
57.29
52.93
34.39
29.39
29.28
26.09
25.08
41.05
43.35
54.03
48.51
49.76
25.87
39.97
54.24
51.69
38.3
38.7
20.66
18.27
23.84
49.26
39.94
35.18
31.45
27.26
