21.92
36.6
34.48
34.56
10.2
51.0
29.0
48.52
30.0
38.68
25.88
48.48
34.96
26.6
37.64
35.96
26.64
46.96
36.08
29.08
33.56
43.8
25.2
48.84
25.12
47.12
18.88
25.56
24.92
35.04
40.28
49.12
42.04
36.92
44.64
33.16
34.36
57.04
44.48
33.68
22.2
41.2
35.96
100.0
36.16
24.2
43.08
45.84
26.08
44.6
17.64
22.2
37.44
46.76
46.52
31.32
28.16
25.68
44.0
39.56
21.52
46.28
29.88
41.2
39.24
33.2
32.48
47.04
38.56
55.48
35.16
27.44
29.24
43.32
30.12
38.28
33.72
44.08
44.24
45.88
28.28
49.64
43.44
33.04
23.4
47.0
42.64
42.04
24.48
41.36
39.0
40.32
28.24
34.68
33.56
23.52
45.6
21.8
33.2
45.88
38.92
41.72
44.04
27.84
20.68
41.92
43.68
100.0
38.04
30.08
34.12
31.04
36.36
17.24
39.44
33.64
34.88
27.12
37.52
47.36
36.4
29.76
45.28
32.52
35.64
45.64
34.68
40.0
31.92
31.24
44.4
24.64
30.08
40.6
33.52
42.0
31.28
34.24
35.44
31.32
31.6
44.56
48.92
39.92
28.92
39.44
38.2
45.72
52.96
38.44
23.76
34.0
36.92
41.48
51.76
34.8
46.4
100.0
29.0
37.92
35.04
30.16
32.52
31.96
40.92
44.48
42.88
43.16
34.12
28.68
48.24
34.88
38.04
46.88
32.84
39.64
25.64
36.4
57.68
24.76
27.68
31.24
37.44
37.8
35.44
33.68
32.4
54.2
100.0
37.24
30.72
25.28
39.4
31.72
40.6
33.44
23.56
21.4
33.0
49.4
35.48
34.64
39.84
32.08
34.4
38.6
45.8
44.64
26.6
40.92
27.24
35.08
38.84
44.96
49.96
41.64
23.48
42.32
60.88
24.56
46.08
31.48
20.88
49.16
39.36
44.16
31.6
40.6
39.08
37.56
50.48
28.76
31.2
29.96
41.04
20.56
44.04
36.76
46.0
41.8
44.72
45.12
38.16
49.32
51.64
48.8
20.32
44.36
50.04
37.44
31.6
29.96
56.04
28.4
50.24
48.68
36.08
27.96
24.24
22.96
40.88
42.72
32.64
43.44
26.0
33.88
39.44
38.56
23.76
33.28
35.44
49.96
31.32
55.0
13.64
32.56
33.2
39.32
34.2
28.16
39.08
39.32
42.36
23.16
49.32
39.12
61.4
49.16
32.72
65.6
47.12
31.16
100.0
27.24
48.88
34.56
33.8
51.08
37.0
39.24
25.12
37.36
28.64
32.6
43.88
26.92
50.08
51.88
29.72
37.76
53.68
50.28
34.2
40.8
27.52
33.92
20.56
31.36
36.6
43.88
38.2
33.64
33.52
40.44
38.36
37.56
40.48
42.48
29.2
42.76
22.68
49.8
25.04
55.28
44.04
33.52
35.52
46.56
27.36
47.28
32.92
41.4
28.96
39.76
36.6
43.84
25.68
34.48
39.92
30.12
23.96
25.92
60.4
21.48
47.24
48.6
37.76
48.8
32.52
48.0
36.72
47.6
36.52
37.36
32.44
34.68
29.64
35.36
40.32
48.88
32.12
46.88
39.12
28.64
37.28
50.32
59.96
31.68
39.2
39.52
45.96
48.4
48.4
41.12
49.84
46.96
27.44
37.08
45.36
41.4
46.64
37.56
48.6
47.96
31.08
44.04
43.48
38.36
48.84
34.64
33.72
26.96
45.0
40.32
49.6
34.84
33.08
35.12
33.44
35.56
29.08
28.92
38.16
43.44
30.4
44.6
29.36
44.0
44.4
33.0
42.24
42.4
54.56
31.44
51.84
44.52
41.52
32.88
41.48
42.2
42.4
42.56
42.64
44.44
42.68
25.52
43.08
38.36
36.08
43.52
44.6
49.92
40.44
30.24
35.08
38.36
36.64
38.56
38.76
26.44
38.64
45.8
45.84
43.4
49.88
26.48
30.48
42.6
42.16
28.0
39.0
43.64
31.08
39.04
52.0
23.88
41.28
33.84
52.36
34.96
43.4
27.68
44.72
24.24
37.4
37.04
39.76
61.64
52.32
30.24
46.64
44.2
44.84
39.08
38.2
42.68
43.84
55.44
31.28
46.08
40.04
39.4
33.72
30.72
46.28
38.24
48.16
42.28
42.28
40.4
27.48
50.84
44.24
35.4
34.28
31.12
22.08
34.68
37.16
35.36
40.68
52.52
31.68
37.04
45.12
43.96
35.56
44.64
35.6
37.88
29.08
31.68
38.96
35.72
32.36
26.64
46.68
47.56
38.16
43.64
42.2
42.6
42.0
48.44
39.44
58.2
36.56
31.92
44.44
40.96
31.08
100.0
32.36
41.24
28.84
55.32
37.56
44.2
32.76
41.56
32.72
28.84
29.24
47.36
33.16
35.2
42.04
37.4
34.32
46.84
34.48
44.12
50.2
25.84
43.8
29.84
46.04
44.04
56.28
43.72
56.68
33.44
47.2
21.8
35.64
48.28
30.0
25.2
32.36
42.56
35.92
30.52
48.72
27.8
20.72
39.16
36.08
28.84
23.96
38.96
36.84
45.16
30.68
46.08
24.12
33.4
31.64
52.08
55.0
35.64
50.84
34.64
38.64
31.36
36.8
34.16
25.28
45.56
43.64
23.36
22.32
38.12
50.28
40.56
34.96
33.0
55.76
32.64
38.64
36.6
43.2
24.44
47.8
32.16
26.04
36.2
30.8
44.68
29.28
53.04
42.4
40.12
31.48
36.04
31.8
23.2
34.96
25.44
22.56
37.88
34.48
41.6
27.92
52.52
16.48
26.12
36.88
42.84
30.6
42.48
26.2
31.6
23.72
45.48
24.52
43.36
30.8
28.04
31.84
34.88
10.44
35.24
31.88
39.56
38.6
47.56
22.64
45.32
54.2
41.92
50.12
40.16
46.08
28.4
35.2
34.92
40.28
51.96
53.36
48.48
40.72
47.68
24.44
24.32
39.88
53.76
26.04
25.6
26.68
35.96
45.28
53.12
25.2
44.08
46.16
26.52
25.48
50.24
44.24
21.28
42.44
56.56
24.84
31.52
53.28
50.16
32.16
24.24
23.12
38.68
50.2
45.84
45.56
37.04
50.52
48.64
35.4
36.72
16.64
21.84
45.4
32.72
