36.04
32.17
50.33
38.77
25.99
32.38
42.77
31.93
65.99
42.36
42.29
78.7
27.89
45.32
49.6
27.04
31.22
36.43
34.07
31.99
42.48
37.6
39.96
14.8
45.17
42.19
37.69
41.43
35.73
44.03
46.6
31.2
48.83
51.33
30.83
47.54
33.85
23.97
38.65
45.0
48.93
42.69
39.87
43.48
33.74
38.8
39.82
29.86
60.95
33.73
46.49
50.65
41.99
19.99
34.96
39.61
23.34
32.7
44.85
58.63
41.31
46.07
43.53
45.76
50.58
35.45
44.37
46.84
24.94
43.66
43.68
44.85
52.88
52.11
37.23
27.95
50.07
44.59
38.87
45.28
27.72
52.19
48.56
31.35
47.08
49.64
48.13
32.94
50.68
28.46
31.68
63.01
42.82
45.64
39.14
30.75
47.89
30.26
27.94
42.86
33.0
24.44
39.77
62.27
32.18
44.77
52.04
22.1
55.25
49.98
44.01
43.43
34.47
49.6
29.09
45.23
44.78
42.65
23.8
41.87
42.27
57.18
43.67
44.05
43.4
34.31
49.09
49.43
39.28
51.26
54.67
40.02
46.03
57.57
35.96
55.48
30.15
35.52
38.1
46.45
22.37
37.98
48.95
58.41
50.29
37.8
41.63
69.03
49.32
45.69
59.66
31.89
29.62
58.07
46.43
39.84
38.95
46.45
35.35
62.58
51.94
31.29
48.89
37.3
38.54
35.41
32.25
44.78
42.71
39.24
38.75
44.41
51.76
34.01
28.71
42.71
33.58
44.65
56.27
42.74
51.28
47.99
44.58
39.83
37.83
44.65
36.7
46.22
27.38
39.69
37.03
50.82
52.15
42.89
44.67
25.38
43.11
38.86
28.95
43.83
27.44
29.93
40.87
25.62
47.08
42.95
45.22
33.15
34.66
55.61
35.68
45.17
37.11
48.24
42.57
28.37
57.74
46.39
48.0
41.91
52.65
44.72
31.82
50.7
42.86
30.29
28.49
48.31
50.91
48.19
37.34
45.58
46.53
41.06
39.57
44.86
35.88
49.33
29.64
24.3
47.66
54.71
37.02
34.13
24.74
40.08
35.04
41.03
32.44
50.98
36.18
47.58
33.77
28.41
46.6
28.99
29.66
23.19
48.51
60.34
47.29
34.28
51.15
44.49
54.38
28.83
60.49
44.85
36.86
54.63
25.39
50.29
52.62
44.58
41.06
47.6
30.18
37.78
58.14
36.91
53.4
27.4
44.11
24.3
58.67
46.38
33.33
40.48
38.4
37.0
25.38
45.84
50.04
24.37
48.07
38.74
28.58
39.34
44.99
47.96
22.74
38.66
42.27
29.94
39.91
24.29
42.59
40.45
58.36
39.02
26.42
57.35
29.77
43.36
54.62
42.81
40.01
60.44
52.86
38.69
56.83
35.4
29.55
20.37
32.49
58.98
20.42
34.22
38.71
45.58
32.04
35.45
39.42
38.64
63.0
51.2
40.67
46.86
32.35
38.6
49.32
49.3
43.23
58.96
34.2
47.11
25.66
21.97
30.32
38.46
32.73
53.48
46.83
36.32
46.81
49.89
43.12
45.72
42.0
30.77
35.24
22.63
43.75
40.63
38.94
15.54
40.13
50.54
44.43
32.52
24.28
30.51
64.5
33.32
38.96
54.54
51.5
28.47
43.27
43.51
41.34
49.46
42.3
52.2
49.33
46.78
53.02
33.62
50.2
49.32
45.92
49.98
34.79
28.54
22.58
45.03
25.58
38.27
41.67
32.3
35.63
35.43
45.57
43.31
38.95
53.78
35.9
51.58
35.83
43.6
44.16
45.27
29.41
37.65
26.61
42.59
58.74
47.45
30.74
49.55
29.4
54.31
39.65
39.92
53.67
55.05
52.21
53.05
41.68
37.7
38.66
40.95
49.69
30.59
24.58
58.92
29.95
39.36
30.27
31.04
48.78
50.9
28.39
44.75
45.19
42.76
40.83
43.97
55.42
31.38
37.7
50.91
53.39
22.96
24.81
51.53
44.82
50.9
43.73
43.99
28.04
45.39
47.58
31.47
29.93
53.36
48.11
33.45
36.25
50.69
36.47
61.46
35.02
34.08
46.36
38.9
44.42
38.89
27.13
27.0
41.85
32.58
44.46
55.15
50.88
46.99
40.25
45.41
34.18
41.98
38.7
36.46
26.98
39.35
23.1
29.89
45.15
23.46
46.88
34.15
36.93
51.17
29.59
54.77
40.24
37.93
37.63
45.11
25.0
44.99
33.7
29.96
43.48
37.35
34.61
43.66
35.12
40.71
35.29
44.32
39.56
21.66
44.33
47.98
41.8
58.13
42.47
46.27
54.91
48.62
49.4
36.74
32.49
32.32
54.11
43.23
44.37
35.92
40.56
56.37
46.72
50.4
46.56
40.43
35.69
44.8
49.1
50.49
42.15
46.58
43.52
35.6
43.36
40.6
45.04
27.98
54.81
32.24
39.29
45.48
52.8
29.45
44.04
42.84
38.06
27.99
49.0
47.62
33.18
47.59
33.5
37.35
38.55
51.62
38.7
23.44
32.71
39.97
44.65
39.92
50.84
45.64
49.33
46.91
47.3
40.4
52.5
26.24
63.28
42.7
44.06
37.09
43.85
46.23
32.05
37.83
37.78
57.77
45.24
41.62
56.24
40.08
37.52
43.82
41.53
58.41
30.02
43.38
32.01
36.93
41.76
46.93
31.68
36.64
33.96
56.93
49.74
42.32
33.67
30.18
29.51
39.08
32.16
27.07
48.99
35.24
42.76
44.8
53.96
42.43
43.91
26.86
27.36
54.1
42.05
30.28
35.6
52.36
38.81
43.31
28.88
44.53
40.74
31.52
25.95
29.62
56.21
39.7
36.11
54.33
32.47
38.03
46.03
43.23
29.69
17.7
42.57
45.04
37.88
45.64
32.22
54.51
43.94
25.55
55.5
45.53
50.04
38.31
41.2
46.44
44.89
39.88
27.64
42.3
31.8
31.06
36.19
45.12
48.45
36.5
49.45
42.17
40.47
63.93
50.79
45.2
48.37
50.31
39.83
43.22
57.01
34.41
40.95
27.93
26.61
44.38
56.58
54.94
37.71
30.87
52.98
46.33
30.2
35.86
52.58
37.64
35.54
49.59
29.46
46.65
39.28
48.18
38.72
43.21
27.19
42.36
48.83
31.17
40.44
37.58
41.39
49.46
42.56
44.61
37.14
50.49
42.95
35.02
33.89
49.24
34.67
44.82
41.22
48.23
52.34
39.14
32.81
59.44
45.18
37.41
44.61
24.96
22.91
42.84
38.03
26.61
24.02
42.02
38.79
46.71
48.22
42.97
31.78
36.62
53.24
23.96
51.04
39.26
52.02
39.74
49.29
25.08
26.33
36.31
22.31
43.34
40.95
55.1
45.62
30.75
39.6
21.95
33.33
36.6
46.93
48.24
44.37
33.87
29.31
34.02
53.31
47.99
35.65
44.75
37.04
35.36
31.27
46.77
32.57
43.06
49.07
42.73
44.79
45.23
41.26
36.09
42.67
38.09
34.57
39.38
46.84
36.09
38.29
55.41
55.88
29.89
33.87
44.06
32.87
31.43
39.68
57.98
43.85
43.23
52.07
44.99
47.45
21.69
44.28
32.6
43.22
40.47
27.1
36.02
45.4
54.11
38.97
35.81
40.88
54.21
23.1
51.61
33.27
45.83
46.37
17.88
44.13
59.96
43.03
51.44
26.37
39.55
31.14
36.73
46.99
38.06
35.9
42.47
41.87
40.55
50.3
28.21
52.08
49.78
35.39
29.32
43.29
37.69
53.27
51.86
50.19
35.95
39.63
38.45
37.7
55.29
51.72
50.64
43.64
26.39
49.27
27.31
46.35
30.99
33.69
41.07
33.35
35.29
36.41
44.81
40.1
42.05
40.45
23.18
50.86
37.73
41.12
35.73
41.16
33.92
44.0
28.84
37.63
34.28
43.19
30.3
33.14
53.32
51.86
30.59
46.27
27.27
44.17
37.56
42.1
57.95
44.2
61.29
53.02
38.57
61.03
29.52
22.96
45.13
47.15
52.35
27.31
39.55
35.07
38.44
42.19
36.29
42.25
33.58
26.14
27.32
29.96
45.83
44.35
29.49
26.57
41.47
33.71
59.85
49.94
30.22
42.66
51.84
29.22
49.6
45.11
30.01
63.15
37.25
54.38
44.8
45.06
36.31
41.39
38.25
34.28
45.08
40.5
61.73
38.34
39.85
49.48
43.88
53.35
37.45
32.28
46.42
54.99
41.7
38.66
45.98
54.03
31.6
41.5
34.51
38.25
43.07
46.88
31.24
50.27
44.96
59.1
62.83
28.26
43.83
26.81
44.18
54.35
33.8
60.01
50.55
43.75
37.0
35.37
51.23
43.28
45.9
44.63
36.65
42.18
43.18
40.29
29.34
41.64
34.59
50.36
49.48
35.17
40.72
48.46
37.07
20.91
30.97
45.78
59.49
35.93
58.52
54.31
36.92
18.95
45.74
38.49
35.21
29.66
36.53
40.97
45.76
49.15
51.34
44.45
36.06
39.23
37.06
37.12
40.14
49.23
46.74
46.41
30.82
26.43
51.02
44.58
47.16
51.69
15.15
22.56
40.03
49.44
59.19
27.66
45.39
56.48
32.34
49.87
36.07
41.72
39.42
60.16
34.94
50.23
25.9
38.29
34.36
48.48
38.26
35.95
54.69
37.34
35.13
55.29
61.42
42.52
34.26
27.45
38.28
31.14
35.29
43.08
24.6
33.34
33.5
40.48
29.26
48.58
51.88
37.41
41.4
39.27
39.25
46.54
36.36
33.16
22.04
43.63
33.33
44.69
28.9
29.21
36.41
37.07
33.27
41.41
42.0
57.27
42.9
53.45
29.48
52.17
35.44
49.19
20.52
43.77
30.26
32.82
40.76
50.2
50.82
60.52
46.69
47.42
56.55
36.04
41.27
48.15
44.01
47.8
49.89
43.11
36.37
28.41
38.86
49.48
64.98
39.91
37.96
67.09
30.93
40.9
34.06
50.71
44.94
29.93
56.13
42.83
41.0
48.09
33.54
36.91
39.9
37.04
40.98
33.0
34.45
50.84
27.84
39.88
42.81
42.82
48.06
34.68
47.87
52.64
56.9
45.92
55.43
39.52
45.84
32.41
32.37
40.54
39.06
31.89
32.46
63.9
52.14
38.72
45.7
40.49
39.59
45.0
46.49
43.4
46.19
51.36
33.55
34.81
24.07
38.87
34.67
59.4
39.96
51.37
38.54
51.95
28.66
46.28
30.82
40.52
41.86
39.91
39.42
57.84
37.68
55.41
28.63
35.5
50.57
50.01
44.77
39.24
49.11
58.7
48.69
41.06
41.18
37.85
34.82
28.09
32.59
48.74
36.46
37.96
40.05
51.78
42.77
47.98
33.84
42.25
45.04
39.59
36.26
33.35
48.85
52.04
47.56
54.71
51.4
50.06
47.71
44.53
42.88
58.5
53.61
37.17
37.6
44.15
43.18
48.31
41.7
33.17
14.82
52.73
36.66
42.12
26.01
34.83
48.54
40.66
41.05
32.98
49.03
44.43
51.46
24.76
54.2
44.09
