33.72
47.24
23.76
30.0
29.6
62.16
38.64
39.68
25.84
43.4
46.68
24.96
29.12
35.84
37.04
13.56
38.76
33.44
33.2
43.6
28.64
48.0
29.2
44.84
36.44
41.76
45.68
39.12
40.12
31.32
36.24
37.0
27.8
57.2
44.0
48.12
37.12
30.4
41.52
38.6
43.4
42.92
47.44
41.28
23.36
40.72
40.76
41.48
48.84
45.92
41.6
35.68
41.76
25.8
49.48
28.96
44.16
46.84
46.96
29.64
59.8
40.32
42.92
36.4
28.56
44.32
28.08
25.84
39.8
30.84
22.52
37.36
41.0
20.6
52.4
46.84
40.88
40.68
29.48
27.32
42.08
42.0
39.24
26.8
31.8
40.64
41.32
32.32
46.16
48.64
50.28
42.48
52.16
35.92
20.84
46.2
56.12
38.32
47.0
42.24
56.88
29.6
27.48
54.76
36.8
36.76
42.88
47.92
28.72
34.92
22.52
36.0
47.96
27.6
31.2
41.76
54.44
39.16
44.2
37.0
34.96
25.28
38.2
33.8
47.68
39.36
41.04
27.2
40.04
27.16
38.56
23.76
43.64
41.56
31.2
51.8
32.84
42.52
34.88
45.6
39.32
53.08
43.68
45.72
49.12
41.52
46.48
40.4
28.4
46.16
47.84
45.28
42.92
43.24
38.4
46.2
27.24
44.28
33.84
31.88
32.28
30.8
47.44
34.4
44.12
26.12
26.56
27.76
21.6
44.64
30.16
26.88
55.92
41.6
34.24
51.28
24.0
46.36
50.12
38.44
44.2
34.88
34.04
40.76
22.2
55.28
43.16
37.72
34.44
42.44
46.6
22.44
45.32
26.56
41.84
43.92
100.0
36.4
27.48
19.6
22.32
37.72
24.48
27.48
52.0
40.12
37.24
35.88
52.0
32.72
27.32
18.68
30.44
55.28
42.0
29.56
47.92
37.48
30.32
35.96
45.88
46.08
40.28
32.16
43.92
23.44
21.16
36.04
31.64
43.48
33.92
43.2
46.76
40.12
38.72
38.84
28.64
32.4
20.84
37.84
36.24
46.96
41.28
30.24
22.16
28.2
59.88
30.92
53.96
50.64
49.0
26.44
40.16
38.2
46.4
49.48
49.64
31.44
25.8
42.32
46.08
32.56
20.92
42.36
23.84
38.88
31.12
33.08
32.16
42.36
40.8
36.08
50.32
33.72
33.12
40.6
40.96
41.6
34.92
26.88
45.0
28.72
50.28
36.44
50.44
51.76
48.16
50.84
38.72
28.36
22.32
55.4
27.64
37.32
29.24
44.92
47.28
26.08
41.64
41.08
51.64
28.6
48.4
50.68
21.24
0.16
47.72
41.84
40.48
40.84
26.2
41.84
44.6
30.0
44.92
33.16
46.72
33.84
58.04
43.16
36.04
35.88
25.88
38.84
41.32
51.08
47.08
44.16
42.56
31.52
33.56
25.36
36.6
21.04
27.56
21.52
31.88
52.4
27.4
50.96
33.08
23.32
42.72
31.68
40.4
35.04
32.24
40.56
31.96
37.72
32.56
41.04
36.36
45.28
38.84
51.76
45.28
35.0
30.0
51.36
39.44
41.84
38.44
43.36
47.08
37.24
33.04
41.96
44.88
47.04
43.12
40.12
32.48
40.72
37.68
42.08
25.8
51.96
29.96
42.4
48.84
27.44
40.88
39.96
45.8
44.2
30.72
31.08
34.76
35.96
48.0
35.44
21.48
41.2
18.32
45.52
43.48
37.72
60.04
41.0
40.6
29.8
35.2
41.88
38.52
34.8
27.32
39.96
29.96
33.6
29.2
34.56
52.52
46.44
39.12
27.24
30.04
25.24
45.8
32.36
40.0
41.88
25.2
50.48
38.64
28.08
48.32
40.56
38.12
29.84
53.36
36.68
33.28
50.24
29.72
39.44
41.6
42.4
32.12
23.6
43.28
47.48
35.28
38.36
43.08
41.8
25.56
29.8
33.8
41.76
44.8
45.8
100.0
37.8
46.72
42.36
44.8
46.4
36.76
53.88
32.04
25.52
24.52
41.24
51.44
34.72
28.24
49.28
27.84
33.96
33.72
45.92
27.04
44.68
44.04
36.24
39.64
25.16
39.6
45.8
37.4
35.88
39.08
46.04
34.6
47.96
40.0
32.76
45.6
42.4
38.52
44.92
48.84
36.4
30.44
56.36
41.28
34.52
41.32
23.2
40.4
35.96
39.4
35.8
45.44
21.32
29.72
49.4
22.16
47.68
47.56
45.92
24.48
20.72
40.32
52.24
28.44
37.2
31.36
34.48
44.72
42.12
29.4
26.88
31.68
45.4
33.24
41.32
32.84
43.6
30.76
41.84
39.56
35.36
43.96
33.36
35.76
26.4
40.8
30.72
36.68
54.28
42.76
41.6
44.36
20.12
41.24
41.28
37.24
25.52
33.56
41.96
49.8
36.2
31.92
51.04
21.68
42.28
40.88
40.0
24.48
37.2
33.8
44.16
34.4
39.32
37.56
25.96
48.44
46.8
27.04
40.36
49.64
47.56
33.32
37.16
36.28
52.08
48.04
46.48
23.88
45.68
42.36
28.48
31.36
38.28
32.84
41.2
37.68
39.2
37.48
21.32
47.16
37.96
31.16
41.04
35.0
39.96
48.08
43.36
25.4
35.12
39.24
54.92
48.96
35.4
27.12
20.8
42.24
48.64
25.52
36.96
35.96
39.8
33.52
38.8
31.08
27.72
42.48
41.16
24.32
46.12
27.36
46.04
41.64
50.72
42.32
38.44
41.84
38.12
57.92
35.2
40.32
50.68
34.6
30.0
43.32
35.8
49.92
17.72
38.48
32.36
35.28
43.64
42.12
54.84
59.6
40.72
41.32
51.44
31.56
56.48
40.88
15.92
40.64
41.56
34.04
38.88
39.6
32.04
46.08
34.24
19.4
42.56
55.48
33.56
54.44
50.16
34.72
35.44
32.6
33.84
43.04
45.68
47.48
41.56
33.6
36.12
34.6
34.32
36.88
46.16
43.2
24.36
46.96
42.52
47.64
37.24
46.48
55.96
25.64
53.48
30.44
46.56
10.8
55.36
47.28
35.8
31.76
46.0
36.04
33.56
24.28
52.04
58.56
32.2
28.76
40.28
22.52
31.52
31.2
26.92
45.2
49.12
35.8
38.44
37.12
43.88
31.24
40.36
26.0
53.96
25.2
100.0
60.6
45.92
27.92
30.76
46.4
56.52
44.16
43.72
33.84
38.2
44.44
42.04
40.2
34.08
26.28
46.12
36.76
28.92
31.68
42.84
27.72
52.2
40.0
38.88
31.48
34.48
37.56
22.72
30.8
69.16
26.24
36.56
40.0
40.12
44.32
53.2
52.72
36.96
42.68
30.08
48.84
35.92
36.92
43.64
47.76
31.68
22.28
55.52
18.28
47.72
48.56
26.84
37.0
52.36
33.24
47.96
100.0
36.84
46.64
55.68
46.08
38.44
37.96
35.32
32.28
33.56
48.6
40.04
39.16
42.48
36.32
46.52
48.16
44.24
50.8
47.56
46.72
43.52
41.84
100.0
50.4
34.32
38.72
31.16
13.44
48.96
39.76
32.12
44.88
38.08
30.76
46.28
41.4
47.96
23.2
