43.2
45.2
34.24
40.66
68.78
50.63
35.05
49.58
50.01
30.91
27.73
38.98
28.96
42.12
49.34
42.67
40.98
46.53
37.45
37.4
42.17
36.03
40.84
25.74
59.78
36.21
22.94
53.11
44.14
18.8
36.12
26.3
28.83
64.34
30.0
46.82
22.48
47.28
42.71
48.69
29.91
35.82
55.78
48.45
40.84
33.7
19.53
52.27
43.07
31.45
37.48
25.65
65.47
36.96
31.55
40.3
26.85
35.64
39.29
32.59
49.91
30.62
46.2
56.72
27.13
46.66
36.04
61.56
44.61
46.24
54.09
42.57
50.87
45.5
36.51
31.7
49.15
39.61
23.86
28.33
39.82
47.43
27.93
43.0
24.94
39.3
38.46
44.49
56.4
41.13
27.65
48.53
35.76
42.13
47.74
51.48
28.99
42.14
32.98
48.17
44.97
25.08
43.05
31.25
14.74
75.04
40.23
46.68
42.98
54.83
25.79
35.56
51.23
46.98
26.73
28.68
48.85
27.45
49.46
53.36
23.34
30.78
44.88
43.35
29.91
31.84
46.78
33.8
50.15
36.27
44.92
36.69
50.6
60.47
38.05
33.49
40.81
30.53
38.7
23.18
50.21
32.53
37.98
47.64
48.29
35.47
49.14
24.8
35.15
38.77
56.79
35.68
44.14
36.36
34.24
31.03
40.75
26.59
35.67
55.02
39.39
47.35
36.41
26.95
24.83
42.62
49.52
50.92
36.6
32.06
45.35
28.31
27.13
42.88
29.68
25.09
29.19
38.0
43.03
54.21
42.36
45.66
25.09
47.0
57.43
26.23
42.02
32.77
53.93
42.48
35.72
39.67
53.34
48.83
29.15
40.89
47.86
34.72
48.79
36.37
52.34
44.19
35.82
29.26
43.86
42.92
30.87
22.14
44.81
39.69
38.73
35.35
36.51
55.16
50.3
36.29
60.84
28.62
52.87
40.65
32.23
54.76
30.52
49.58
46.19
37.47
30.12
49.54
31.32
42.86
40.55
50.56
49.24
43.97
47.48
37.95
32.37
45.35
32.35
56.77
22.0
38.46
40.03
41.38
31.77
31.75
54.09
30.66
24.56
42.99
35.91
43.35
37.89
45.14
40.28
19.93
39.83
34.56
41.45
35.03
40.84
36.25
32.9
37.88
56.63
41.58
19.52
40.54
38.51
32.34
42.57
43.13
42.01
52.01
52.48
57.98
21.37
32.27
54.44
45.98
47.42
31.39
35.41
47.16
46.78
39.43
35.81
34.5
39.86
36.19
21.81
38.03
36.95
53.17
44.17
33.73
28.96
48.63
37.4
42.94
43.61
39.35
51.78
50.13
33.19
40.09
38.48
47.16
28.03
42.73
34.57
22.83
31.9
25.07
46.61
26.45
43.13
43.25
60.9
35.75
57.09
47.18
40.81
34.22
46.54
34.32
29.95
23.88
28.38
37.3
51.89
27.58
46.22
47.12
27.8
43.98
42.37
38.79
38.41
58.25
39.26
44.79
39.66
56.44
34.01
35.75
35.2
27.58
42.88
30.59
36.08
60.6
53.68
34.33
38.36
39.16
43.27
41.08
31.45
48.59
38.07
37.43
30.54
50.91
33.84
41.45
58.12
42.89
46.26
51.2
37.71
36.16
30.5
43.46
48.53
34.69
33.05
31.54
52.1
33.41
38.88
38.53
44.39
31.59
38.96
32.4
22.42
53.42
35.4
44.91
55.98
54.73
48.22
33.51
30.95
38.72
40.66
58.05
39.35
33.24
50.93
36.77
30.18
28.62
39.49
40.13
41.42
33.24
32.76
32.16
40.38
18.98
29.46
41.56
36.58
41.62
33.71
53.34
36.1
43.7
29.57
47.88
47.97
53.39
43.55
15.56
34.91
33.69
49.99
25.31
44.99
57.3
47.88
51.01
47.71
47.77
28.97
42.22
46.18
40.65
45.17
34.04
47.87
64.77
32.46
54.9
46.32
32.11
47.72
23.62
46.51
42.24
33.29
40.85
51.98
41.8
64.66
46.78
50.4
43.98
48.5
34.75
30.73
42.86
39.44
40.55
23.69
29.23
31.17
34.79
41.98
36.35
58.03
33.42
46.49
66.64
38.66
49.67
36.29
56.38
20.8
50.92
44.53
30.5
43.14
33.55
38.02
33.16
37.03
51.26
52.55
48.85
36.55
39.36
39.45
41.25
31.6
33.3
57.55
47.45
50.14
27.12
53.58
37.2
40.0
35.86
40.1
22.95
44.4
25.07
37.38
42.13
29.64
32.73
29.0
35.31
30.91
52.55
50.64
47.58
49.05
39.46
31.32
29.48
44.68
30.33
43.28
50.44
33.65
44.55
38.72
45.79
28.74
46.01
42.18
56.02
52.63
29.77
36.59
24.68
32.27
35.08
48.59
51.8
54.23
43.04
40.14
34.76
47.89
29.14
27.51
47.11
40.46
34.13
50.75
38.19
50.67
32.92
48.53
52.14
53.86
42.96
50.0
59.04
32.87
37.11
32.8
38.63
42.51
35.47
23.99
34.36
41.17
46.41
43.84
33.04
53.21
40.63
46.88
55.28
30.03
28.34
40.15
37.95
45.5
39.13
50.99
43.13
38.59
29.66
46.7
44.04
35.2
23.46
24.54
34.14
47.19
61.14
37.59
48.97
27.77
45.73
30.15
42.72
31.74
52.15
33.46
46.32
35.7
29.98
48.66
54.9
34.32
42.81
40.42
45.19
30.98
52.28
49.79
41.14
41.61
51.41
27.29
45.36
43.14
54.71
42.95
43.89
39.2
60.81
31.71
24.54
34.95
38.49
45.9
44.24
52.39
39.18
47.26
29.94
29.21
37.33
30.17
42.09
33.07
32.6
41.06
24.47
33.07
55.03
44.3
29.3
39.8
36.56
45.86
36.7
37.29
26.9
44.74
46.87
39.71
55.18
38.2
55.03
38.26
40.53
31.59
39.35
53.17
36.61
35.26
30.48
50.06
28.54
61.95
47.03
35.6
35.52
39.76
30.13
31.29
36.38
21.01
38.91
44.84
43.79
38.27
49.68
61.2
42.12
41.36
51.29
44.01
40.78
24.0
44.79
33.23
52.53
52.32
38.38
37.52
25.47
42.49
39.46
49.07
33.07
50.21
30.97
37.65
45.6
38.85
46.82
45.51
33.46
47.49
48.9
31.09
25.72
30.66
30.05
37.08
53.98
37.03
35.1
39.56
37.02
44.29
38.14
54.3
29.08
57.09
30.02
44.37
27.77
51.81
40.09
38.78
54.15
28.56
36.18
34.66
43.31
55.16
40.15
36.5
44.3
51.69
58.47
45.12
32.23
51.44
58.49
52.16
48.55
52.02
37.55
37.78
53.92
37.26
53.55
39.5
40.65
42.58
42.48
44.0
32.68
40.01
28.01
28.26
42.3
45.36
46.81
42.07
41.92
49.62
40.72
31.44
40.27
56.98
59.53
54.57
65.46
35.27
37.34
37.78
30.55
41.97
45.48
51.26
46.54
27.89
47.08
35.7
54.68
51.68
53.7
32.03
41.3
44.6
32.75
36.77
58.72
31.02
42.42
21.15
40.61
36.91
33.53
60.56
42.02
56.45
54.61
26.22
31.91
53.86
57.55
47.46
40.42
29.88
21.0
36.53
50.96
23.66
50.27
28.31
20.28
25.2
27.29
50.48
44.0
37.22
33.4
34.09
43.74
43.01
35.23
25.66
37.37
47.77
30.98
45.14
51.12
34.91
22.34
48.98
33.44
32.3
43.55
27.1
45.68
61.52
29.69
49.12
58.44
58.17
45.96
47.51
59.43
52.21
23.73
42.65
46.96
55.33
44.37
34.72
43.26
38.07
26.45
39.28
57.66
43.78
51.55
60.06
38.24
27.28
25.21
33.71
18.83
61.56
51.28
29.89
46.21
38.91
42.04
35.62
36.95
44.39
49.08
46.95
51.47
50.29
36.94
30.95
41.38
44.55
39.52
40.42
24.9
42.97
42.61
42.32
35.8
45.78
40.72
59.33
27.95
45.62
38.74
52.68
54.05
45.65
42.82
49.13
43.05
34.97
30.11
39.87
37.31
35.79
41.29
52.58
47.68
44.39
32.91
47.1
44.89
20.91
36.14
33.38
35.86
40.28
28.75
56.86
30.21
41.34
58.86
33.74
28.12
31.42
39.72
42.48
51.97
46.58
45.48
50.15
31.08
55.5
33.12
48.83
42.73
44.18
36.58
32.51
29.09
54.62
33.49
50.94
39.8
46.29
44.57
33.57
39.75
39.09
57.5
30.98
37.82
43.68
47.59
27.32
46.0
53.57
41.25
38.12
51.04
50.99
40.23
38.97
36.03
57.52
51.31
31.63
40.18
33.53
36.06
29.63
41.45
48.02
34.05
39.01
34.54
55.43
45.05
40.84
25.44
47.61
46.47
45.8
53.86
52.08
38.92
27.86
27.01
35.71
41.77
53.29
33.41
42.72
52.94
38.05
38.9
30.18
48.7
46.96
43.96
38.67
50.0
56.76
46.24
47.74
50.91
50.48
47.38
28.5
49.55
27.25
45.91
49.72
49.39
38.8
42.6
46.57
40.82
51.85
42.09
54.22
34.41
49.63
47.47
49.46
42.53
36.83
33.49
59.32
45.86
54.64
50.27
30.65
16.17
21.69
33.84
52.49
49.9
60.19
64.44
53.3
49.31
15.9
37.48
43.36
40.19
23.78
42.97
32.45
53.12
43.79
37.19
55.05
53.06
43.57
37.74
40.69
34.36
43.56
41.75
35.25
41.4
50.18
36.37
28.1
44.79
39.89
50.4
34.95
24.81
46.81
49.4
43.13
51.81
40.37
65.13
47.9
38.31
37.71
48.6
43.85
46.77
25.95
40.34
41.42
46.25
34.37
43.87
29.39
40.05
30.91
39.69
40.49
33.52
63.15
