39.96
37.32
47.0
33.68
45.88
47.08
29.08
36.2
27.2
45.8
38.16
43.44
34.6
38.52
33.76
23.8
57.52
33.4
21.24
100.0
40.76
17.12
33.52
24.44
26.4
43.64
20.48
39.16
45.84
52.0
45.68
38.88
31.36
48.72
40.12
34.72
23.56
37.48
33.08
36.12
46.08
28.36
42.84
52.8
25.28
42.68
33.2
41.24
43.76
50.12
39.24
47.0
29.24
46.6
17.16
21.88
44.68
28.2
23.4
41.36
52.56
1.0
25.36
45.8
32.72
39.24
45.0
48.04
39.56
30.72
44.68
42.72
23.12
40.2
29.04
43.56
39.96
51.36
23.8
47.96
23.4
24.8
24.92
21.44
28.68
42.52
40.12
27.76
29.84
31.56
46.84
33.64
43.24
34.0
47.08
57.32
38.36
21.64
46.32
35.16
44.24
44.52
32.68
46.04
22.92
53.24
33.88
28.48
37.08
33.88
51.68
36.96
43.52
34.2
24.72
22.92
40.24
46.08
48.52
33.8
29.6
42.6
26.56
25.0
40.08
27.28
23.08
26.84
40.56
50.84
43.08
43.96
24.2
39.36
30.52
50.36
39.84
37.6
50.36
45.68
38.32
44.32
45.2
33.56
49.16
41.24
33.24
26.92
40.6
28.12
20.76
41.88
32.32
47.08
56.8
29.8
28.08
42.32
34.92
28.2
46.32
29.0
39.2
48.0
41.16
42.48
52.76
35.72
37.72
38.32
29.64
29.72
40.0
34.08
41.04
37.64
36.76
32.36
39.04
32.28
38.92
33.52
30.92
36.04
37.32
39.76
40.12
38.24
49.08
49.32
54.72
19.88
42.68
44.76
29.16
33.44
43.04
40.2
37.2
33.88
35.84
33.84
49.2
41.64
30.88
45.28
39.96
36.48
46.68
35.52
43.88
25.88
39.64
23.16
24.4
39.52
53.68
44.24
38.08
31.48
27.88
26.32
34.6
20.44
43.48
44.4
25.68
39.44
36.08
36.4
54.04
36.64
42.6
51.92
32.92
40.16
28.24
57.08
50.24
32.2
35.96
36.64
38.32
28.76
36.36
28.56
47.24
38.92
54.12
39.96
47.68
28.2
40.04
45.24
49.0
36.12
29.08
36.44
18.92
42.64
52.0
50.72
31.6
27.96
36.6
31.36
47.88
34.4
28.56
31.04
30.2
27.52
38.72
38.4
49.72
33.72
40.28
27.28
45.16
49.04
40.36
32.16
46.64
23.36
45.0
44.84
44.72
43.6
41.68
45.88
61.0
30.2
50.6
43.8
29.48
21.72
43.48
39.2
30.12
38.48
48.68
38.4
43.52
47.12
40.6
45.28
29.04
37.72
28.8
39.12
54.76
44.24
36.08
46.36
52.32
18.96
45.68
41.08
40.56
31.24
35.64
30.68
47.6
41.68
38.08
46.56
24.76
36.96
33.2
23.12
39.16
27.0
30.12
28.8
49.6
53.88
42.04
28.28
40.56
46.96
36.08
42.56
42.6
52.76
22.84
30.24
45.04
47.96
50.36
38.0
32.68
44.16
47.36
35.2
48.16
48.88
50.64
39.56
47.6
30.64
29.04
33.4
22.08
32.52
38.32
43.48
41.32
30.76
49.96
43.44
51.08
26.2
26.36
36.84
36.08
48.6
43.32
3.8
32.8
7.64
32.2
43.72
57.48
34.8
45.8
42.64
27.96
39.84
29.6
13.64
43.2
33.16
44.92
42.2
28.48
47.8
47.24
39.24
48.16
25.64
42.76
51.36
40.56
36.32
22.44
32.16
48.48
44.28
26.88
30.36
30.08
22.72
30.84
51.56
41.24
26.68
34.28
100.0
33.8
35.2
24.88
19.12
37.0
52.44
36.2
51.6
35.56
28.96
37.68
33.76
46.68
26.08
58.28
44.48
32.96
33.24
37.04
29.0
33.56
36.16
41.84
27.84
57.24
39.56
38.6
47.24
30.72
48.48
49.72
34.56
23.28
47.04
29.2
34.92
43.04
43.52
42.72
44.32
28.72
23.76
28.52
50.72
34.68
32.68
34.64
40.92
50.64
54.68
41.36
25.36
47.92
37.72
26.36
33.84
40.68
37.56
35.16
40.92
49.12
55.44
29.92
49.16
54.4
46.04
35.0
35.32
49.28
50.28
39.44
30.12
100.0
25.88
38.76
47.16
28.88
53.84
56.24
51.08
61.44
35.04
35.24
27.92
39.36
23.84
47.0
42.96
25.64
44.28
51.32
47.04
30.72
38.36
41.56
30.12
34.4
100.0
28.52
34.36
24.4
30.4
50.72
53.92
27.64
38.12
27.64
48.04
21.88
47.4
26.08
18.44
25.24
47.16
100.0
34.52
30.8
31.68
40.4
32.44
24.6
34.88
28.88
42.2
47.24
32.88
20.64
45.32
31.12
25.2
27.32
46.32
55.12
55.24
42.68
43.84
55.0
21.88
39.68
51.96
41.12
32.44
35.4
24.24
47.28
23.16
31.2
48.76
37.04
39.4
33.88
34.2
41.72
45.68
44.04
47.72
28.92
41.24
37.4
13.2
39.76
39.92
39.12
32.92
43.4
55.28
25.8
42.4
49.52
44.04
39.36
45.64
40.52
32.8
33.44
38.36
48.72
44.0
41.6
30.68
44.36
42.36
19.4
33.84
37.72
26.4
27.88
54.52
28.76
39.92
43.52
42.04
46.68
28.76
31.24
46.04
33.92
30.68
48.0
36.88
44.32
31.36
37.08
36.16
35.48
40.28
44.68
25.4
43.16
36.64
48.28
37.04
8.44
54.2
48.28
28.84
37.44
33.68
28.0
38.44
44.44
31.92
36.28
20.8
23.44
44.6
42.36
25.08
25.64
24.72
38.76
39.68
49.12
27.56
45.24
43.08
40.88
36.12
53.88
43.52
46.68
43.64
22.8
46.44
25.76
42.64
45.96
36.28
40.24
42.88
37.96
48.4
39.72
50.08
31.72
44.08
15.44
40.16
46.36
28.32
19.88
31.24
46.64
56.6
14.48
34.8
40.68
30.52
49.84
41.2
34.48
51.24
50.8
40.12
35.48
37.88
31.76
40.16
39.28
45.84
33.4
26.12
37.84
46.88
23.0
43.64
44.88
35.36
45.44
43.36
23.52
38.8
42.6
41.6
26.6
37.64
28.2
37.24
37.64
31.08
