40.31
30.6
23.03
53.89
48.17
48.89
44.65
52.17
53.49
42.78
39.96
47.44
51.94
27.7
33.3
26.54
48.64
32.95
47.66
59.06
25.54
52.86
44.13
22.64
29.09
37.7
58.01
29.65
33.61
33.76
32.1
36.49
24.52
39.82
43.02
33.28
44.08
40.64
42.79
48.27
43.55
32.81
51.95
41.77
34.45
43.34
24.86
29.48
38.71
33.31
31.37
51.16
56.31
45.86
35.93
35.57
38.49
51.67
39.82
47.77
53.1
56.71
31.97
52.23
38.25
33.75
24.66
38.54
51.93
52.98
30.31
39.33
48.04
42.81
43.58
44.49
25.93
34.29
38.78
33.95
50.71
40.21
34.36
52.49
45.01
36.27
36.99
58.0
47.22
36.16
41.57
39.71
38.54
42.64
25.99
54.66
21.2
49.32
27.76
46.51
30.13
38.72
48.51
34.11
30.91
37.66
48.64
46.86
30.62
62.76
21.3
50.35
30.1
56.41
43.96
50.45
40.69
40.0
43.18
47.54
36.38
52.89
32.05
44.23
45.48
32.29
35.89
40.58
40.1
40.34
34.03
43.3
38.13
24.52
36.17
25.71
46.34
35.4
48.51
45.24
29.78
22.95
34.14
42.53
40.04
60.61
44.56
25.61
47.35
49.89
28.66
37.67
17.97
43.05
50.95
24.42
57.0
38.73
54.37
65.14
37.58
40.61
34.6
46.2
30.26
42.56
49.33
45.48
40.05
48.49
43.04
42.87
23.66
54.34
53.59
38.56
34.64
28.89
40.9
32.08
50.39
44.1
40.85
42.31
26.85
36.8
52.21
42.48
36.62
35.74
29.93
45.57
45.82
32.25
30.42
28.92
52.92
56.93
40.25
32.05
56.92
44.45
54.73
47.62
40.74
50.85
31.62
39.8
46.77
41.1
44.24
42.83
30.91
45.53
56.48
48.3
39.57
50.08
30.16
54.33
36.26
41.22
43.65
43.63
51.98
47.14
35.81
69.16
44.25
55.46
27.28
24.86
26.29
57.07
21.46
34.56
47.06
49.9
36.75
44.7
35.8
39.12
40.06
41.42
25.73
32.12
39.02
35.29
30.7
28.89
33.33
41.39
39.23
44.78
26.87
49.23
42.69
44.51
47.82
27.4
25.35
39.92
24.68
52.75
39.89
45.05
30.78
35.78
45.02
32.09
47.85
31.14
48.03
33.47
33.57
50.33
32.81
28.59
45.4
43.41
28.28
30.75
47.29
52.3
49.72
34.13
57.33
53.75
59.96
38.96
43.32
36.3
46.71
21.38
38.31
43.31
61.77
33.67
45.21
41.79
25.33
45.02
51.34
47.6
18.25
48.2
37.18
55.7
52.09
34.57
51.09
42.99
55.67
40.08
52.36
26.67
23.78
38.8
38.88
40.47
36.2
25.1
45.24
36.15
46.37
36.65
22.9
26.07
47.22
44.06
37.68
36.32
48.02
28.67
34.19
14.57
50.09
37.95
46.29
58.43
45.68
48.05
36.63
45.32
45.46
42.66
36.13
39.59
35.96
33.25
48.26
40.16
44.53
50.23
54.23
44.3
58.98
47.26
35.44
46.58
36.65
41.58
24.62
41.66
35.82
51.7
49.13
51.09
22.92
36.5
34.5
50.69
36.63
61.34
30.32
20.07
48.28
32.86
21.82
40.45
22.2
33.39
49.96
54.36
52.29
34.85
34.81
52.5
46.37
60.91
44.49
59.23
58.04
41.89
27.69
51.21
41.18
13.97
30.38
29.05
45.66
21.18
37.96
33.88
49.67
47.85
36.18
52.71
30.15
28.23
28.94
33.99
47.83
43.9
35.5
44.22
35.71
48.02
29.06
40.66
28.83
48.13
44.77
51.27
38.2
42.17
33.36
34.27
43.51
39.03
45.27
36.3
45.42
40.17
40.49
39.94
36.71
34.51
34.21
49.07
38.98
48.91
39.06
52.15
38.13
48.86
56.97
38.96
34.37
38.86
50.92
41.87
52.14
21.96
44.77
41.85
55.15
36.54
57.26
58.58
46.78
46.31
51.83
37.77
36.75
61.08
34.38
67.45
34.36
39.87
24.66
37.7
57.74
45.06
36.32
29.83
31.93
29.18
53.97
40.7
35.94
33.57
31.4
38.7
51.19
41.77
24.04
52.19
45.11
45.01
31.23
37.14
50.77
62.4
61.54
36.56
38.51
46.52
42.05
35.37
44.01
41.19
46.39
36.8
42.3
56.66
36.41
50.54
42.4
49.71
41.15
57.42
46.3
47.19
52.12
39.76
27.5
51.64
54.63
46.46
54.62
34.38
34.26
48.0
38.35
33.69
46.49
27.24
43.15
24.47
38.28
52.8
46.02
49.12
31.81
31.97
39.5
54.83
54.34
42.11
39.16
28.38
51.22
50.61
47.75
39.4
33.01
41.04
49.93
63.0
61.93
51.74
25.85
29.49
39.31
45.56
54.31
54.95
42.87
55.21
40.51
30.21
44.11
48.33
59.23
53.44
55.54
53.8
44.1
45.69
31.14
27.83
34.69
43.28
25.14
41.9
43.43
35.68
33.93
48.14
48.54
42.63
43.5
38.78
49.26
44.46
47.47
42.9
60.45
36.66
36.57
46.86
60.66
30.06
47.25
59.09
51.03
48.74
46.1
23.55
45.04
45.84
37.52
37.89
45.61
40.31
27.48
47.86
46.45
38.21
39.61
28.43
19.83
54.56
52.6
48.33
48.53
24.41
52.54
37.45
34.33
54.5
48.27
29.91
43.9
36.41
50.16
30.35
27.34
41.21
35.76
28.55
39.88
52.3
42.09
32.34
49.89
44.58
44.36
42.07
36.05
45.45
51.16
37.91
27.04
53.29
49.89
58.39
44.77
48.5
46.21
48.59
45.15
34.01
30.57
40.56
35.48
49.53
40.72
34.5
41.98
36.4
33.02
38.92
33.0
53.65
40.37
60.14
26.03
50.86
64.71
22.65
71.81
55.71
28.52
26.18
39.63
31.81
59.02
39.07
54.8
42.32
42.44
38.45
32.22
31.13
47.39
58.47
33.01
51.71
52.45
23.26
25.17
64.36
32.31
46.07
30.98
41.33
51.04
64.54
53.52
44.29
28.95
50.44
24.56
34.39
47.83
43.41
36.52
31.32
48.22
42.84
42.47
30.87
34.13
32.3
32.03
19.51
44.68
34.43
49.68
48.83
30.17
49.07
50.52
40.13
35.08
39.42
23.68
35.81
48.77
49.73
31.31
32.25
32.66
67.03
57.23
40.33
55.7
56.96
41.88
25.32
40.03
46.52
56.37
52.37
38.72
33.58
40.26
30.47
43.81
33.4
41.71
46.51
49.7
36.77
39.09
51.25
49.08
43.85
29.59
48.15
45.59
22.78
45.18
53.82
42.12
48.03
28.28
30.78
37.32
44.79
47.21
27.98
54.18
47.82
23.67
33.13
55.18
23.57
36.15
36.81
37.36
40.92
40.4
43.07
33.39
52.45
35.53
40.79
48.74
35.78
54.66
31.47
33.08
46.16
52.56
31.63
24.24
27.42
41.16
30.17
22.61
40.33
55.67
36.99
39.32
34.14
29.97
36.85
43.41
29.47
52.75
30.69
39.89
45.55
62.47
26.93
36.2
38.8
36.09
55.22
33.42
45.86
36.28
46.17
26.5
28.66
29.61
41.08
40.96
47.18
34.61
47.45
53.86
39.11
60.21
47.94
30.19
28.9
31.49
55.29
40.25
32.88
32.97
20.04
40.86
36.79
30.64
33.52
41.56
38.94
33.24
43.48
49.88
34.78
49.76
41.41
47.53
43.95
59.15
46.04
44.53
37.88
41.22
63.53
41.7
49.25
35.57
34.59
42.12
50.86
48.81
44.46
32.22
30.56
45.47
56.16
34.65
60.46
38.83
37.84
36.8
29.0
40.14
52.19
37.94
49.03
44.36
22.95
28.01
33.62
56.37
36.16
35.36
25.74
40.74
40.91
26.37
34.84
31.35
47.25
34.3
46.23
44.41
45.34
48.43
39.51
45.25
30.72
42.53
49.11
33.14
48.33
30.9
53.52
37.84
37.61
33.4
29.6
36.19
31.53
39.01
40.28
28.61
51.57
45.14
43.1
29.21
41.26
45.66
55.73
46.75
23.16
50.37
31.3
38.87
53.75
33.39
61.29
51.25
49.43
37.12
54.04
46.4
38.9
41.95
40.32
53.06
52.67
61.58
32.82
29.84
27.27
30.15
55.43
44.41
34.96
40.83
40.06
33.77
52.81
35.38
43.17
27.42
41.68
38.66
44.56
36.59
28.85
51.61
43.82
41.74
39.68
51.28
27.18
32.75
55.66
55.64
38.45
43.03
51.61
59.49
39.64
37.73
38.02
45.3
30.83
46.7
54.66
32.4
39.26
54.69
37.39
53.73
47.22
44.45
44.35
64.29
43.02
23.65
39.97
41.15
41.63
49.67
46.37
52.2
52.26
44.24
44.47
28.22
36.3
35.45
30.36
20.84
30.0
36.7
20.67
51.07
27.14
49.23
38.56
40.2
23.08
50.51
40.05
33.87
73.97
44.39
38.78
59.04
38.58
52.5
44.49
44.03
41.49
40.19
38.65
21.12
31.63
27.31
35.17
51.06
33.9
35.15
35.31
24.41
35.97
42.45
45.18
42.68
38.64
52.43
37.39
34.41
42.26
43.65
51.05
25.92
49.14
51.63
48.56
51.61
45.18
36.22
37.1
41.49
36.49
45.35
43.67
44.5
35.34
25.49
37.89
30.14
23.31
49.69
44.67
57.37
38.28
25.58
26.23
41.12
38.48
49.71
38.2
34.7
42.48
33.11
32.22
43.22
34.35
46.82
38.53
37.0
35.58
29.81
39.07
37.82
42.34
39.61
25.18
51.1
52.17
31.11
48.16
40.66
41.99
41.56
48.05
32.03
29.15
36.45
52.18
46.54
26.72
41.8
36.6
46.1
36.18
28.86
36.34
24.95
34.36
43.97
44.25
32.83
44.73
56.06
26.18
33.88
20.65
37.75
38.29
44.64
35.24
42.31
24.71
44.03
42.13
50.01
38.51
37.57
39.04
16.85
41.49
38.34
38.74
27.79
36.26
43.81
40.71
39.07
32.87
55.55
30.31
47.74
45.78
50.55
41.29
46.67
62.07
33.36
29.84
38.41
43.22
25.78
39.4
25.64
40.06
50.89
51.97
44.51
28.67
38.82
53.75
32.45
44.11
44.02
26.22
36.13
50.94
53.58
40.74
55.04
53.92
48.86
46.97
44.11
44.47
37.58
39.82
31.24
41.54
65.93
38.81
43.69
37.26
45.65
26.79
42.44
44.36
48.94
45.55
23.96
38.98
38.73
37.8
36.85
30.29
55.99
27.39
47.91
48.08
46.99
48.87
33.86
42.33
44.87
57.02
33.01
43.25
53.3
54.12
37.84
39.1
45.81
33.2
53.66
31.0
40.39
36.95
46.17
33.52
50.63
34.46
47.57
53.83
29.52
35.71
49.46
44.37
45.45
42.23
40.43
45.5
41.36
39.05
35.51
30.36
29.47
49.19
37.09
47.91
84.13
51.32
49.19
46.78
43.09
39.94
43.48
35.43
44.25
27.44
23.1
56.18
39.85
34.75
