37.56
21.48
72.0
41.08
48.28
50.0
39.48
37.28
45.48
25.8
30.92
24.64
44.68
55.2
49.56
41.68
27.4
28.0
30.8
30.44
34.08
22.32
37.12
58.92
30.84
41.32
40.24
41.24
48.4
40.0
40.24
22.88
27.6
30.76
48.4
42.2
33.16
33.12
35.64
48.48
45.6
50.52
49.76
35.0
22.6
49.8
36.24
44.6
100.0
41.6
24.0
17.84
31.12
46.84
31.32
33.96
34.6
54.4
44.28
33.88
37.32
40.28
24.16
51.2
19.52
100.0
25.8
28.0
36.76
45.2
31.48
28.72
34.68
43.56
28.28
19.72
46.8
27.8
52.52
47.68
40.36
44.88
34.92
41.4
42.0
31.16
31.68
40.0
36.24
23.08
33.24
23.6
42.76
32.96
44.68
42.08
28.36
31.96
39.68
37.44
24.08
43.68
47.0
26.92
34.96
16.72
40.36
47.04
22.28
53.56
35.36
42.92
27.88
39.52
42.16
37.24
39.92
39.52
51.0
36.44
32.6
26.84
46.6
40.84
38.2
39.4
24.84
100.0
40.72
33.52
27.52
42.56
43.44
29.72
27.4
49.12
37.04
29.88
53.96
52.56
44.24
37.32
48.04
29.52
35.96
43.32
38.12
40.32
28.48
42.16
52.0
45.8
46.4
33.52
38.32
40.36
40.72
43.56
40.84
52.48
25.6
53.28
19.64
46.32
33.88
41.52
38.0
23.4
30.16
35.92
33.08
28.44
27.16
39.2
41.84
24.88
46.24
41.52
44.36
23.36
41.92
28.4
41.24
29.84
45.04
29.12
44.96
31.36
31.44
47.4
30.64
26.32
43.32
48.32
47.52
54.28
49.8
36.12
19.72
35.76
41.2
59.0
42.2
38.4
23.36
41.52
44.48
44.8
33.88
51.72
48.4
40.16
52.04
24.48
35.68
33.44
23.36
42.36
43.28
21.32
24.24
37.76
41.48
33.28
45.2
26.52
31.76
13.52
47.08
34.96
43.52
54.12
42.68
45.6
34.32
42.32
42.84
39.8
33.56
36.6
45.68
41.8
100.0
51.08
44.04
33.16
43.96
38.84
22.56
38.56
48.76
47.64
21.12
33.8
31.76
47.0
33.88
57.0
30.64
19.92
38.04
20.6
30.8
46.52
51.24
48.56
32.16
32.16
49.32
43.68
42.52
56.0
53.92
38.48
13.2
27.92
26.6
31.72
47.0
33.88
49.08
28.08
26.2
27.16
31.48
44.56
41.2
44.96
27.28
44.76
41.88
48.16
36.08
39.28
32.0
40.6
36.0
42.32
36.92
37.56
33.88
31.64
36.48
36.72
32.28
47.08
47.92
41.44
38.8
52.2
55.24
43.36
43.2
49.04
35.6
34.36
31.64
63.08
32.08
23.04
41.84
33.6
27.64
30.0
50.6
33.08
29.04
38.96
22.24
49.24
42.0
29.12
35.16
47.88
58.2
35.36
44.28
39.56
32.68
40.72
37.84
43.28
34.16
33.8
47.12
39.04
47.04
38.68
54.12
42.56
44.68
48.92
37.4
48.4
51.0
51.56
31.92
44.76
35.8
31.12
42.8
22.28
35.36
42.72
46.32
29.88
29.32
24.72
50.76
36.56
26.0
48.64
45.56
30.44
46.16
59.04
48.4
24.28
35.96
42.96
50.44
40.64
36.8
27.88
41.28
21.24
49.44
51.72
40.48
25.52
32.8
40.12
23.36
39.6
31.4
45.64
39.88
40.2
36.76
44.44
40.0
57.68
33.8
43.56
56.56
44.0
55.56
47.8
26.8
42.64
22.08
42.48
42.56
34.28
44.12
43.72
36.88
18.28
48.2
44.16
44.24
49.44
34.64
27.36
41.56
46.88
38.92
32.92
39.76
46.84
41.12
38.64
33.36
42.08
34.76
50.8
43.84
45.8
42.4
38.16
32.96
46.04
38.64
33.76
30.84
30.6
23.88
47.96
61.04
68.32
23.76
26.92
24.24
36.92
29.36
54.88
51.76
40.56
29.32
44.4
54.44
48.28
21.88
23.48
29.76
43.52
28.96
47.48
50.8
42.04
26.48
47.44
31.88
40.48
33.56
44.48
40.0
39.56
32.6
29.84
29.28
17.88
41.36
32.4
46.2
27.88
46.08
47.08
32.36
36.76
22.0
30.88
29.72
37.44
52.52
39.44
43.48
49.44
31.48
30.96
42.56
46.0
34.76
36.36
47.8
45.92
27.6
42.36
38.76
45.16
26.6
28.32
100.0
42.0
19.12
51.2
44.84
21.84
30.8
45.8
34.64
38.2
40.12
48.2
33.32
29.56
30.96
43.6
29.96
22.4
25.48
38.2
37.36
34.2
36.4
32.04
34.24
28.32
43.2
33.08
52.16
42.72
33.32
42.88
24.6
26.44
38.64
37.84
45.08
32.68
45.2
35.92
45.64
28.08
29.2
51.96
30.8
18.44
37.92
29.04
31.84
36.88
31.16
45.92
44.8
38.64
44.2
41.4
21.76
38.4
60.48
38.2
33.04
31.76
39.2
10.16
29.84
27.92
43.64
52.32
32.52
56.04
36.24
27.08
100.0
40.92
35.4
45.88
41.68
31.16
52.52
33.36
23.36
32.4
29.08
44.2
42.04
41.36
45.24
36.88
42.16
28.88
39.44
45.6
45.12
28.52
34.72
27.84
33.76
36.4
37.16
47.36
41.8
39.8
27.44
38.36
42.44
52.24
42.68
46.76
29.12
50.84
73.68
47.96
45.68
34.12
50.88
43.16
38.64
37.24
49.44
27.72
25.6
28.44
51.76
41.28
37.72
49.12
40.88
35.84
42.24
34.72
26.48
48.4
39.08
35.04
47.28
25.16
30.44
51.48
52.92
36.2
39.44
55.88
41.64
28.84
43.96
29.8
40.96
41.44
60.6
40.44
38.48
45.44
48.0
48.84
40.68
36.2
33.64
28.36
27.72
33.68
18.92
47.36
25.16
45.52
37.76
41.0
36.12
49.96
41.4
41.52
38.64
37.92
35.64
19.32
29.76
25.04
32.44
47.4
32.56
32.6
40.12
42.28
21.64
36.0
49.36
31.88
41.0
23.76
48.68
49.08
41.72
33.84
35.04
33.88
43.0
33.08
23.68
27.88
21.4
35.08
23.6
36.2
46.36
35.28
39.72
31.12
30.08
40.24
43.08
36.6
35.68
33.28
27.64
35.2
39.44
36.48
23.2
47.76
48.8
44.8
39.2
38.52
44.44
34.4
27.88
43.28
39.24
34.8
42.8
33.08
33.64
31.8
40.4
30.0
52.72
24.2
31.04
18.88
35.28
42.32
40.68
39.2
46.96
35.48
35.32
36.52
15.4
38.52
35.4
35.48
25.92
34.2
40.56
37.96
51.68
28.84
25.28
38.56
43.88
57.76
28.04
35.88
40.2
23.52
37.72
23.44
37.72
47.56
48.32
41.52
26.28
36.0
49.4
30.6
41.4
41.12
24.12
47.84
50.24
38.92
20.84
50.4
43.56
40.52
34.88
43.2
24.88
39.56
41.32
44.92
42.4
36.48
35.0
34.12
28.08
52.4
25.16
44.6
43.52
45.84
31.48
39.56
42.16
53.52
39.64
35.4
36.2
31.32
29.4
18.76
42.8
47.56
51.12
33.24
45.64
22.68
42.24
39.52
42.72
32.84
28.12
45.52
44.16
44.0
39.24
41.68
21.32
52.2
