45.95
22.29
28.05
31.93
17.4
38.43
50.38
31.47
47.63
39.08
41.2
28.97
25.9
31.54
37.28
27.99
26.21
23.03
47.71
34.55
44.9
51.69
47.19
47.23
30.56
37.13
21.11
52.95
46.38
50.5
53.08
18.06
24.98
55.44
36.66
40.26
30.58
28.83
31.84
25.38
34.79
44.33
16.72
80.01
42.76
45.33
34.64
21.95
34.86
39.14
38.44
39.54
27.6
31.8
56.03
58.23
37.74
40.69
47.07
42.59
47.09
37.47
40.15
20.81
45.03
40.26
38.47
52.29
50.94
38.76
46.54
31.73
57.18
57.86
36.31
35.19
42.78
36.17
33.37
29.3
36.11
42.34
27.76
19.79
28.52
47.21
49.15
39.76
31.68
39.04
36.2
57.25
41.37
35.98
51.5
34.79
23.94
32.7
35.84
40.94
28.47
54.72
35.8
51.35
63.46
43.81
41.88
44.25
31.09
51.17
39.59
37.06
51.59
25.7
38.74
33.06
43.55
50.55
39.78
38.08
36.88
54.11
35.01
39.49
28.95
46.07
34.39
38.44
71.68
36.63
38.59
50.08
37.06
41.19
56.22
37.15
32.82
28.08
47.72
45.51
56.05
52.09
38.26
38.05
50.37
40.67
45.35
41.32
43.33
46.65
51.21
46.29
60.01
48.1
49.72
57.31
47.51
54.36
57.7
36.16
32.19
45.18
39.47
54.96
40.97
44.5
44.41
38.89
36.95
49.77
44.8
39.08
36.46
31.1
25.2
36.61
34.44
39.16
24.81
41.43
34.1
56.35
35.4
36.95
39.02
29.09
43.64
34.39
41.46
32.68
51.41
55.22
42.48
44.44
45.7
44.89
52.32
45.33
32.97
56.49
25.16
36.51
36.22
21.76
44.18
39.12
39.04
32.04
31.5
49.4
31.06
36.95
23.74
56.18
30.61
32.49
45.49
41.68
33.32
39.69
64.51
33.47
48.43
47.33
54.8
42.76
35.19
36.05
51.64
39.23
49.04
38.56
30.72
35.11
45.45
34.96
39.42
41.62
48.28
23.47
32.82
27.17
34.94
45.06
46.21
46.36
39.43
53.0
52.9
43.86
37.3
43.75
47.15
43.69
33.66
33.44
54.39
44.12
28.38
28.91
39.2
39.19
42.66
40.06
33.58
48.14
21.71
47.78
28.27
46.38
42.51
42.46
44.16
31.54
37.66
43.4
27.97
34.29
44.96
36.73
34.44
38.93
44.87
42.47
58.32
31.13
30.17
29.22
48.76
43.0
35.41
43.34
40.6
51.71
28.73
31.69
50.53
46.27
29.8
45.49
37.69
49.34
53.78
55.08
54.45
28.49
49.46
28.9
51.81
60.84
43.97
37.97
47.19
29.17
24.33
33.56
36.24
40.97
42.41
51.63
43.0
50.89
54.17
39.69
38.2
47.98
30.33
36.31
36.81
44.19
39.23
49.11
44.51
36.64
41.86
54.19
42.77
38.25
53.12
35.32
53.51
39.68
45.65
40.51
42.14
49.3
53.76
41.62
36.27
28.83
58.01
34.43
39.79
38.0
26.14
39.75
52.23
44.69
44.19
43.22
38.95
35.22
50.39
46.55
25.93
53.36
48.27
48.07
39.06
22.92
53.61
31.47
28.45
28.4
47.82
38.56
34.69
37.14
49.11
40.81
35.38
39.33
31.18
45.95
41.68
29.52
43.17
32.32
46.38
40.79
46.68
32.89
47.7
55.43
37.07
37.94
40.96
59.27
48.61
40.87
32.72
23.58
26.22
31.08
37.47
35.54
42.56
37.22
34.7
45.66
44.36
44.24
22.83
37.09
36.7
29.95
35.27
41.61
31.77
60.94
33.53
30.63
53.22
38.95
34.13
39.28
29.68
31.14
43.0
34.19
36.17
32.81
49.57
48.44
47.61
43.61
41.63
41.59
44.17
31.22
28.32
35.49
49.28
38.04
48.42
51.93
47.57
49.7
58.57
33.88
33.85
60.55
35.19
48.83
49.84
54.01
47.59
45.71
57.81
35.12
43.46
48.44
47.55
50.94
42.77
41.7
48.48
53.44
44.88
36.66
42.93
45.89
34.21
22.75
46.06
39.67
24.13
24.69
41.12
31.21
36.16
24.01
33.19
30.09
24.3
45.89
44.54
35.52
24.82
46.86
43.05
50.61
48.18
37.51
32.92
34.53
53.5
37.13
56.32
26.61
25.51
38.24
43.41
34.66
53.38
51.6
42.28
27.2
47.82
33.71
23.3
43.16
63.0
43.9
61.33
39.51
54.37
43.51
38.57
41.56
59.69
56.05
58.06
47.34
40.95
34.91
32.59
50.06
43.48
41.18
45.71
50.93
37.01
55.67
36.8
45.29
43.82
43.02
36.15
28.12
22.26
49.53
26.57
50.85
47.43
41.64
38.27
52.88
64.53
43.1
48.02
37.37
47.54
29.73
40.74
46.72
35.69
44.13
37.22
44.78
44.64
37.86
54.16
39.15
31.21
42.97
49.05
53.01
53.73
29.62
39.17
32.24
49.5
50.51
42.58
46.39
30.62
53.67
55.46
53.78
53.7
50.88
29.41
51.45
32.04
44.93
41.5
42.4
53.12
32.84
41.58
38.19
33.95
57.43
45.33
40.78
23.47
48.94
33.7
49.33
37.87
35.2
38.97
33.69
39.96
36.66
47.88
28.5
44.35
46.97
46.95
30.06
53.93
40.56
28.23
47.06
60.9
45.75
41.0
56.31
40.59
30.57
36.73
37.98
39.46
39.69
52.09
53.6
57.26
50.58
39.56
38.38
25.28
24.89
52.81
43.13
32.7
38.11
40.5
46.06
44.6
33.79
43.72
34.12
30.25
68.67
42.77
55.16
55.24
55.45
45.43
43.42
32.37
63.35
34.51
42.46
55.33
27.08
61.49
39.83
55.78
30.67
33.93
57.21
29.39
44.45
49.64
35.13
33.86
30.38
50.15
38.57
58.63
42.76
41.66
46.86
32.35
37.22
57.28
48.4
37.56
31.3
34.83
41.88
28.09
38.21
24.65
31.03
52.67
48.63
35.8
26.08
59.91
42.99
31.52
42.72
44.21
44.0
46.46
31.03
43.8
71.14
28.65
44.27
39.22
24.43
37.72
22.03
48.26
56.41
46.52
35.28
51.94
33.77
49.44
25.47
45.11
47.16
48.83
57.3
41.3
55.31
50.71
45.2
45.11
20.1
48.91
45.22
42.58
52.18
34.77
40.98
48.29
40.26
33.59
28.71
42.18
38.93
34.88
54.65
46.52
44.22
37.74
34.87
23.41
44.51
43.94
29.18
39.85
50.55
46.52
27.6
39.06
52.81
47.35
39.12
19.05
28.42
26.68
33.86
45.96
43.9
59.82
49.15
44.12
38.95
32.37
29.92
30.61
29.5
38.69
22.93
40.33
52.89
30.04
33.31
31.86
37.69
33.74
40.34
42.48
28.46
30.49
48.99
41.1
