42.88
25.88
29.16
36.08
18.72
44.16
38.8
26.92
23.96
35.12
24.16
44.96
48.24
44.56
28.24
34.28
19.84
48.6
42.28
46.44
49.48
16.48
23.28
28.4
26.64
30.12
23.32
32.64
40.16
33.84
35.68
36.08
25.16
52.76
48.76
100.0
39.64
35.16
19.16
41.36
37.2
36.52
49.4
47.64
43.72
54.24
32.64
39.76
33.92
27.0
33.8
39.12
25.68
18.6
44.44
46.08
36.72
29.8
36.6
33.56
53.8
38.6
34.44
48.96
33.16
30.32
33.44
37.88
26.52
51.64
48.4
60.76
40.72
38.6
41.24
47.44
36.8
34.56
48.56
23.96
47.36
36.84
35.24
34.52
50.88
32.4
43.44
36.24
68.28
46.76
36.52
53.32
44.64
41.84
52.28
35.4
35.76
47.6
41.72
39.4
40.0
43.84
48.36
39.44
57.12
45.4
46.04
54.16
44.44
50.6
53.92
34.52
30.48
41.52
51.76
38.68
41.8
36.28
34.6
46.44
36.36
33.4
28.6
31.68
36.4
37.88
31.44
34.64
35.72
26.92
41.0
31.8
41.48
38.8
40.96
42.28
53.36
23.2
34.0
19.96
41.48
36.4
29.52
29.24
45.68
33.92
22.24
52.52
28.32
30.32
42.6
38.84
42.04
60.88
44.84
51.52
100.0
33.12
32.4
48.04
45.24
36.16
28.68
32.76
36.32
44.56
21.36
25.24
42.08
43.28
43.68
37.28
40.32
40.8
30.96
40.88
26.24
26.6
37.44
37.88
31.04
44.72
20.36
45.12
43.52
39.6
39.04
29.24
42.84
33.8
20.92
42.16
39.84
54.36
28.8
28.04
26.84
45.52
40.48
48.6
46.92
28.32
45.4
50.24
51.64
51.04
26.28
45.72
27.08
47.64
57.2
41.04
34.6
43.68
26.84
22.36
31.68
33.4
38.16
39.32
47.84
40.4
26.76
51.44
36.96
44.4
34.16
34.12
42.16
45.44
40.84
38.8
33.44
39.36
49.12
32.56
100.0
37.36
34.96
45.88
2.76
27.64
31.72
100.0
36.56
48.48
41.24
40.32
40.0
36.12
28.24
46.92
42.96
50.28
32.24
44.56
20.96
34.6
26.36
26.0
44.08
35.68
32.16
34.32
29.12
42.88
39.24
40.12
30.12
43.6
45.24
52.08
34.88
45.8
37.68
100.0
21.6
24.4
32.88
39.52
32.32
42.36
42.0
21.04
35.16
33.68
27.88
33.08
38.4
29.04
31.2
28.2
49.36
35.64
28.4
39.76
32.08
30.6
43.0
40.52
39.8
40.76
28.48
26.56
33.12
44.92
44.24
46.8
54.32
31.68
31.64
32.28
45.84
46.28
49.92
43.56
42.36
54.4
33.6
40.64
45.52
44.12
38.32
100.0
51.16
42.44
42.2
21.08
42.56
22.88
37.64
22.12
31.52
32.96
23.44
42.6
39.72
47.04
45.52
35.24
32.2
49.84
34.24
52.56
41.32
32.56
49.6
48.0
38.6
25.4
44.48
31.48
21.4
41.24
40.84
57.56
36.76
45.84
39.76
44.36
37.68
30.2
40.0
38.44
42.36
46.96
34.32
52.76
33.88
42.76
26.04
45.96
47.96
43.68
35.76
49.24
60.68
39.8
45.36
34.88
37.76
100.0
33.0
41.44
42.24
35.72
51.6
36.28
39.48
45.2
49.04
49.68
27.4
29.68
46.08
48.0
39.52
43.76
28.04
50.32
50.72
49.56
50.4
46.4
42.28
38.16
38.68
30.16
38.24
42.16
45.64
45.36
35.8
32.08
36.72
31.6
37.2
44.4
26.44
43.68
29.24
51.12
38.24
43.36
42.76
38.12
38.4
28.24
35.72
50.28
53.44
46.96
36.48
23.08
23.0
30.8
35.6
41.64
40.68
32.2
42.08
50.64
52.36
51.48
42.68
40.2
29.88
31.92
39.48
57.8
37.24
28.4
27.28
41.84
32.72
38.76
44.2
30.24
53.44
44.96
35.08
29.4
38.8
26.08
30.08
23.8
40.48
39.44
42.64
42.12
36.6
22.72
34.92
43.0
33.32
49.72
46.08
23.56
43.28
45.52
53.76
38.48
52.56
40.76
18.68
45.88
39.2
33.08
38.28
32.2
26.44
32.28
51.36
21.48
41.44
41.12
27.12
46.96
43.04
26.16
44.8
24.44
43.84
41.04
41.0
27.92
29.0
21.08
50.28
31.08
40.16
26.28
28.64
