32.33
32.77
41.71
46.71
40.67
29.76
41.77
33.78
32.78
31.81
33.84
45.28
54.19
25.09
28.24
26.71
18.71
49.81
40.19
24.94
47.75
45.09
41.79
26.25
26.34
39.75
25.4
44.27
58.9
25.24
25.27
37.56
37.41
41.49
35.0
44.72
26.18
45.47
56.66
35.55
46.64
32.9
43.57
41.09
30.14
35.25
37.7
39.69
43.14
35.88
39.11
46.45
38.23
44.57
51.97
51.57
41.93
45.08
35.0
39.86
35.64
20.81
35.14
39.47
46.61
44.5
28.57
57.0
43.65
31.46
40.31
37.22
53.48
38.01
41.46
37.36
44.38
44.28
45.98
32.18
33.28
32.16
51.29
30.71
39.09
44.02
38.91
36.09
52.98
30.28
25.01
38.31
40.99
37.33
58.24
22.91
18.59
39.92
43.79
38.89
38.49
20.83
49.95
35.5
54.74
43.0
34.4
44.35
40.02
28.43
58.02
52.6
27.93
43.27
38.66
34.63
42.03
54.2
41.59
45.74
40.27
49.46
47.06
32.78
29.8
52.0
45.98
43.99
34.16
40.07
59.32
50.47
32.83
50.68
30.95
54.11
33.8
53.82
37.38
38.21
41.72
39.77
41.27
42.37
31.88
32.9
58.36
45.55
56.65
40.6
39.41
33.17
49.44
40.53
37.37
30.77
24.4
43.03
44.79
36.79
50.15
44.26
48.64
31.66
58.56
30.55
52.72
32.95
35.69
44.58
41.03
48.33
34.8
48.29
37.2
30.16
31.67
19.29
35.62
45.31
60.53
32.54
58.9
34.38
52.9
50.5
59.23
32.62
47.05
41.12
33.56
30.26
46.62
30.3
28.02
50.76
50.07
39.94
43.81
41.89
46.94
45.02
34.04
29.39
24.77
46.64
41.56
49.26
33.94
46.89
23.47
25.81
40.61
49.13
33.62
41.18
47.48
22.75
44.41
31.76
47.93
41.0
48.7
39.41
48.04
46.37
45.56
46.47
22.86
47.36
51.23
39.32
22.9
36.75
52.08
54.24
20.63
39.97
39.42
53.65
39.19
55.18
23.62
47.3
30.23
43.91
35.12
50.01
57.16
30.99
30.07
50.35
44.92
46.32
37.64
43.07
37.29
24.31
51.81
45.23
38.25
43.2
36.61
19.75
50.39
29.84
21.65
51.96
31.41
33.44
26.69
37.83
42.75
31.78
44.46
45.77
28.24
41.29
40.82
34.03
21.66
28.35
37.17
43.68
41.69
40.98
49.26
42.41
48.11
34.89
53.77
53.58
30.91
26.42
40.43
30.58
38.72
43.5
52.93
31.54
43.38
27.95
45.68
38.58
21.94
28.08
45.25
27.78
49.08
40.6
38.77
40.18
43.27
36.33
45.7
15.59
48.25
43.72
36.11
45.89
40.59
42.2
31.84
34.91
24.53
39.85
48.83
41.26
33.46
33.98
42.75
45.57
46.99
34.8
34.53
56.6
35.49
36.35
42.59
33.29
38.96
41.81
26.37
30.82
35.24
44.79
27.3
50.82
28.62
58.2
49.65
28.69
33.15
33.53
39.2
28.85
35.05
46.1
40.25
45.48
61.17
54.9
36.25
48.56
26.61
51.06
34.61
31.02
19.3
45.89
43.7
23.1
20.41
41.93
44.12
31.67
47.59
36.1
44.38
34.76
28.44
39.68
51.08
47.79
32.9
36.32
38.85
30.84
39.56
35.68
55.53
53.32
60.09
34.18
51.25
53.73
42.7
48.03
46.88
39.61
70.5
54.62
23.75
27.68
48.15
27.94
29.07
41.49
46.25
61.45
33.9
28.89
44.33
35.12
45.2
33.04
39.12
45.35
37.09
32.36
42.36
45.61
54.32
51.8
47.42
46.88
57.47
47.29
45.31
61.8
52.19
39.56
52.69
51.58
41.5
55.22
46.67
34.15
36.8
41.33
44.71
52.17
16.92
43.75
40.19
50.18
31.81
30.88
34.92
35.59
46.53
46.24
39.97
57.16
36.76
24.4
40.09
45.42
45.22
21.91
29.12
34.05
43.94
30.62
43.52
46.94
33.71
41.65
49.11
38.35
51.08
41.99
50.38
52.4
37.81
36.94
46.56
36.58
32.75
32.52
40.82
44.84
41.86
41.53
48.21
42.64
52.28
51.85
67.7
42.73
36.39
44.59
34.58
40.27
44.09
38.78
44.84
45.25
31.13
33.53
29.97
28.39
55.04
46.53
33.67
47.67
44.22
55.02
30.5
41.24
44.28
46.97
51.92
48.8
29.52
42.74
33.53
54.43
42.58
36.78
26.57
30.53
26.58
41.39
52.2
48.57
48.72
59.18
54.63
43.0
45.66
46.46
50.19
44.34
32.57
52.23
31.33
31.31
50.17
31.63
49.92
44.83
56.44
45.61
50.2
47.78
30.56
69.44
45.68
47.63
42.43
25.92
38.89
26.9
46.34
41.48
53.71
29.66
28.99
49.77
29.11
52.46
44.7
30.06
29.65
36.61
42.05
46.52
51.67
44.47
53.57
34.03
36.54
48.38
54.04
20.97
49.95
30.63
31.21
43.89
23.69
53.7
48.17
44.77
43.69
47.39
47.16
53.66
32.59
42.3
54.78
30.97
51.83
37.52
22.81
45.06
42.67
28.51
29.42
58.89
50.0
29.76
31.08
42.11
68.36
33.64
58.22
46.92
46.53
34.85
34.54
40.04
40.43
46.44
35.72
52.19
56.76
41.91
46.06
33.81
48.85
33.95
35.58
34.62
44.85
44.04
24.01
25.96
45.16
27.23
61.36
28.7
20.84
45.05
33.9
61.48
45.4
36.41
36.58
47.32
50.09
37.14
40.26
44.13
31.35
39.41
43.98
51.29
44.03
35.59
40.47
53.2
47.53
30.56
43.03
39.06
41.38
41.4
35.82
43.57
39.32
53.09
49.6
33.18
26.75
48.97
23.11
44.11
28.87
27.02
32.62
38.07
34.06
49.87
34.62
35.03
26.58
66.19
62.39
35.26
47.15
29.84
47.76
45.99
61.57
36.78
40.69
46.32
30.34
41.28
32.84
52.96
67.28
30.63
42.97
39.17
37.35
55.37
41.84
37.65
54.35
39.43
43.24
35.19
19.59
31.55
39.97
29.5
30.15
39.64
40.05
29.63
41.95
24.66
48.71
25.71
52.33
48.86
50.02
54.53
47.06
59.69
42.42
24.59
54.69
51.5
57.33
51.19
51.71
48.9
39.24
32.44
28.17
28.34
43.25
30.08
29.41
45.79
47.29
31.21
32.59
29.96
47.02
43.93
51.05
51.33
37.56
28.75
22.33
43.25
29.26
47.91
51.04
42.88
28.37
42.35
44.24
53.07
31.94
31.31
28.68
46.78
50.76
43.26
39.6
35.22
45.02
25.67
55.68
40.27
39.55
50.67
47.55
36.8
53.92
51.57
50.9
34.89
45.67
31.38
46.86
44.07
33.17
31.94
28.68
40.69
28.01
33.48
46.57
39.27
41.97
32.67
50.0
34.36
34.61
34.05
47.62
41.23
40.44
50.29
41.36
28.31
51.07
42.48
65.53
41.83
32.59
22.57
46.54
26.59
41.9
44.91
64.46
33.49
33.47
40.07
30.51
52.73
33.1
36.44
32.91
30.71
40.54
49.84
56.69
