29.68
30.64
38.28
38.96
30.56
30.4
17.28
46.48
22.72
42.2
39.44
23.92
23.56
41.76
55.04
23.36
23.52
35.2
38.92
33.2
41.6
53.52
32.68
44.08
30.96
40.96
37.84
32.12
33.24
36.04
35.36
41.04
48.84
48.84
39.16
32.68
33.6
33.24
43.68
26.0
28.92
50.36
35.28
34.92
41.4
40.88
31.68
28.56
36.0
41.28
33.52
50.04
28.44
36.08
38.32
34.92
54.28
21.04
37.16
40.56
19.0
46.92
33.4
51.92
40.2
32.0
37.44
26.64
54.2
48.8
25.56
41.08
36.2
31.96
39.16
38.36
42.96
30.32
27.52
49.12
42.32
40.92
31.96
36.88
29.88
47.72
50.48
31.48
50.32
34.2
38.96
36.56
39.36
30.4
54.96
42.4
36.8
28.56
22.44
39.48
41.52
26.52
41.4
45.4
29.24
44.52
32.52
45.32
27.92
30.2
18.28
33.24
41.64
55.04
31.88
49.2
47.28
54.76
43.52
26.44
46.52
43.56
41.96
31.52
27.16
22.76
31.52
30.68
38.32
44.08
20.76
40.96
44.28
37.88
45.24
36.44
43.28
41.72
43.36
21.48
36.24
21.08
34.52
48.36
50.12
37.32
36.0
49.52
36.08
51.44
21.64
40.84
46.6
53.52
28.6
47.16
40.76
34.52
22.2
48.76
42.48
40.92
18.16
20.12
48.08
31.16
24.72
29.64
41.0
42.28
38.48
37.68
32.72
20.2
26.24
40.52
38.48
37.8
45.76
40.0
44.36
32.88
29.2
24.6
38.56
29.16
35.76
41.12
49.76
29.08
40.64
25.72
41.48
46.48
37.68
37.2
40.56
33.64
45.32
33.88
42.68
37.92
39.32
29.04
22.44
45.16
38.92
39.84
42.12
43.0
32.32
53.16
33.8
33.68
39.52
30.88
36.4
30.84
28.72
32.68
41.36
25.92
47.64
26.44
46.92
26.84
30.8
31.16
27.12
32.56
43.68
33.68
45.16
48.2
32.44
28.76
18.04
42.48
18.88
38.6
41.28
33.32
41.8
31.76
47.48
44.4
33.44
28.2
32.48
49.28
56.56
50.6
40.36
44.84
37.24
49.68
25.8
25.72
38.88
43.52
58.4
31.44
32.68
30.64
36.08
42.8
29.64
39.6
43.44
47.0
44.6
53.24
44.2
42.24
58.24
48.0
49.08
47.68
52.12
31.96
34.84
41.88
48.04
15.84
41.0
37.4
32.4
33.72
43.92
5.96
36.48
53.88
34.32
22.44
42.8
26.6
31.72
41.72
28.68
40.68
43.4
45.8
36.04
47.64
39.36
46.6
49.04
35.32
34.2
44.04
34.52
30.12
41.96
38.52
49.04
48.8
40.12
34.0
41.76
38.36
41.44
36.12
41.64
28.6
26.44
43.44
44.72
40.8
52.4
41.24
44.36
48.48
45.72
39.92
30.76
52.92
24.36
15.08
38.8
44.68
45.64
50.4
43.2
43.12
48.4
29.28
47.36
41.6
53.12
42.6
46.72
28.44
19.72
40.6
36.6
24.8
43.56
38.68
49.72
27.44
27.2
48.48
41.92
27.68
39.04
44.08
49.16
50.64
31.68
33.88
44.96
50.64
19.2
46.16
28.76
41.52
49.68
45.4
42.04
100.0
44.68
50.16
51.8
48.2
34.28
21.6
41.76
39.48
26.4
27.44
46.44
27.28
28.96
39.12
54.64
43.72
42.88
32.12
36.6
21.32
42.72
28.56
52.36
38.92
31.48
45.04
31.68
33.2
32.68
40.32
22.0
57.64
41.76
31.56
42.28
33.96
34.36
35.24
40.92
29.32
36.36
47.24
40.68
32.8
50.2
43.88
39.96
38.8
38.76
33.24
36.44
49.92
45.84
31.16
45.92
41.84
26.36
25.04
35.2
32.2
47.2
32.4
32.12
32.64
43.2
42.56
57.88
37.8
30.56
48.04
36.4
52.16
38.92
37.48
27.36
27.68
36.44
37.44
27.52
45.44
49.4
45.32
46.52
56.52
39.6
22.52
50.8
48.24
53.56
48.56
45.8
36.2
30.12
26.16
26.32
40.76
27.6
29.04
31.32
44.44
41.2
48.0
34.72
26.8
20.96
42.44
27.04
44.68
26.64
100.0
41.4
50.12
26.92
43.96
47.24
39.92
36.36
33.2
41.8
37.48
37.0
47.88
44.0
33.96
51.04
48.4
47.76
43.44
28.96
44.44
41.76
27.0
25.96
30.68
36.36
36.04
46.44
31.8
32.36
38.36
46.24
26.32
47.32
42.64
24.8
39.04
41.6
30.84
37.48
28.2
49.28
30.56
30.08
28.56
37.68
46.48
